# X Y Z
70.036 19.636 26.345
69.709 19.964 26.345
69.382 19.964 26.345
69.055 19.964 26.345
68.727 19.964 26.345
68.400 19.964 26.345
68.073 19.964 26.345
67.745 19.964 26.345
67.418 19.964 26.345
67.091 19.964 26.345
66.764 19.964 26.345
66.436 19.964 26.345
66.109 20.291 27.418
65.782 20.291 27.418
65.455 20.291 27.418
65.127 20.291 27.418
64.800 20.291 27.418
64.473 20.291 27.418
64.145 20.291 27.418
63.818 20.291 27.418
63.491 20.618 25.756
63.164 20.618 25.756
62.836 20.618 25.756
62.509 20.945 27.464
62.182 20.945 27.464
61.855 21.273 27.900
61.527 21.273 27.900
61.200 21.273 27.900
60.873 21.600 28.268
60.545 21.927 28.919
60.218 21.927 28.919
59.891 22.255 29.160
59.564 22.582 28.945
59.236 22.582 28.945
58.909 22.909 30.109
58.582 23.236 29.636
58.255 23.564 30.142
57.927 23.891 29.782
57.927 24.218 30.400
57.600 24.545 30.314
57.273 24.873 30.960
57.273 25.200 31.418
56.945 25.527 31.846
56.618 25.855 31.773
56.618 26.182 31.173
56.618 26.509 31.418
56.291 26.836 31.541
56.291 27.164 31.623
55.964 27.491 32.036
55.964 27.818 32.327
55.964 28.145 33.709
55.636 28.473 32.359
55.636 28.800 32.523
55.636 29.127 32.605
55.309 29.455 32.891
55.309 29.782 33.014
55.309 30.109 31.894
54.982 30.436 33.341
54.982 30.764 33.174
54.982 31.091 33.750
54.655 31.418 33.832
54.655 31.745 33.955
54.327 32.073 34.077
54.327 32.400 34.159
54.327 32.727 34.364
54.000 33.055 34.568
54.000 33.382 34.650
54.000 33.709 34.773
53.673 34.036 34.855
53.673 34.364 35.018
53.345 34.691 35.223
53.345 35.018 35.305
53.345 35.345 35.427
53.018 35.673 35.509
53.018 36.000 35.673
53.018 36.327 35.836
52.691 36.655 35.918
52.691 36.982 36.041
52.691 37.309 36.123
52.691 37.636 36.205
52.364 37.964 36.368
52.364 38.291 36.573
52.364 38.618 36.695
52.036 38.945 36.777
51.709 39.273 36.900
51.382 39.600 37.105
51.055 39.927 37.309
50.727 40.255 37.473
50.400 40.582 37.636
50.073 40.909 37.800
49.745 41.236 38.045
49.418 41.564 40.222
49.091 41.891 40.549
48.764 42.218 41.945
48.436 42.545 42.973
48.109 42.873 49.647
47.782 43.200 53.483
47.455 43.527 47.782
47.127 43.855 54.761
46.800 44.182 54.367
46.800 44.509 51.084
46.800 44.836 52.745
46.473 45.164 47.373
46.473 45.491 47.495
46.473 45.818 49.491
46.145 46.145 47.905
46.145 46.473 48.109
46.145 46.800 48.273
46.145 47.127 48.395
46.145 47.455 48.518
45.818 47.782 48.641
45.818 48.109 48.805
45.818 48.436 48.927
45.818 48.764 49.091
45.818 49.091 49.091
45.818 49.418 49.173
45.818 49.745 49.336
45.818 50.073 49.418
45.818 50.400 49.418
45.818 50.727 49.418
45.818 51.055 45.045
45.818 51.382 43.099
45.818 51.709 45.074
45.818 52.036 45.193
45.818 52.364 46.342
45.818 52.691 49.582
45.818 53.018 49.664
45.818 53.345 49.664
46.145 53.673 49.582
46.145 54.000 49.582
46.145 54.327 49.582
46.145 54.655 49.541
46.145 54.982 49.582
46.145 55.309 49.500
46.473 55.636 49.418
46.473 55.964 49.336
46.473 56.291 49.377
46.473 56.618 46.745
46.800 56.945 49.418
46.800 57.273 47.034
46.800 57.600 42.171
46.800 57.927 43.691
46.800 58.255 43.636
47.127 58.582 43.527
47.127 58.909 48.273
47.127 59.236 49.782
47.455 59.564 48.232
47.455 59.891 48.232
47.455 60.218 48.191
47.455 60.545 48.191
47.455 60.873 46.099
47.782 61.200 43.255
47.782 61.527 43.309
47.782 61.855 43.309
47.782 62.182 43.309
47.782 62.509 43.200
47.782 62.836 43.255
48.109 63.164 43.200
48.109 63.491 43.255
48.109 63.818 43.200
48.109 64.145 70.320
48.436 64.473 51.849
48.436 64.800 52.130
48.109 65.127 46.964
47.782 65.127 46.964
47.455 65.127 46.964
47.127 65.455 46.964
46.800 65.455 46.964
46.473 65.455 46.964
46.145 65.782 46.964
45.818 66.109 46.909
45.818 66.436 47.018
45.818 66.764 52.457
45.818 67.091 59.600
45.818 67.418 56.414
45.818 67.745 56.414
45.818 68.073 56.495
45.818 68.400 56.536
45.818 68.727 56.536
45.818 69.055 56.414
45.818 69.382 56.373
45.818 69.709 53.382
45.818 70.036 51.734
46.145 70.364 56.465
46.145 70.691 59.143
46.145 71.018 51.109
46.145 71.345 59.079
45.818 71.673 55.730
45.491 71.345 59.079
45.164 71.345 59.079
44.836 71.345 59.079
44.509 71.345 59.079
44.182 71.345 59.079
43.855 71.345 59.079
43.527 71.345 59.079
43.200 71.345 59.079
42.873 71.345 59.079
42.545 71.345 59.079
42.873 71.345 59.079
43.200 71.345 59.079
43.527 71.345 59.079
43.855 71.345 59.079
44.182 71.345 59.079
44.509 71.345 59.079
44.836 71.345 59.079
45.164 71.345 59.079
45.491 71.345 59.079
45.818 71.673 55.730
45.818 72.000 59.073
45.818 72.327 59.182
45.491 72.655 59.075
45.164 72.655 59.075
44.836 72.655 59.075
44.509 72.655 59.075
44.182 72.655 59.075
43.855 72.655 59.075
43.527 72.655 59.075
43.200 72.655 59.075
42.873 72.655 59.075
42.545 72.655 59.075
42.218 72.655 59.075
42.545 72.655 59.075
42.873 72.655 59.075
43.200 72.655 59.075
43.527 72.655 59.075
43.855 72.655 59.075
44.182 72.655 59.075
44.509 72.655 59.075
44.836 72.655 59.075
45.164 72.655 59.075
45.491 72.655 59.075
45.818 72.327 59.182
46.145 72.655 59.075
46.145 72.982 59.073
45.818 73.309 59.073
45.491 73.636 57.225
45.164 73.636 57.225
44.836 73.636 57.225
44.509 73.636 57.225
44.182 73.636 57.225
43.855 73.636 57.225
43.527 73.636 57.225
43.200 73.636 57.225
42.873 73.636 57.225
42.545 73.636 57.225
42.873 73.636 57.225
43.200 73.636 57.225
43.527 73.636 57.225
43.855 73.636 57.225
44.182 73.636 57.225
44.509 73.636 57.225
44.836 73.636 57.225
45.164 73.636 57.225
45.491 73.636 57.225
45.818 73.309 59.073
46.145 72.982 59.073
46.473 73.309 59.073
46.800 73.309 59.073
47.127 73.309 59.073
47.455 73.636 57.225
47.782 73.636 57.225
48.109 73.636 57.225
48.436 73.964 58.445
48.436 74.291 58.418
48.436 74.618 60.761
48.436 74.945 62.333
48.436 75.273 61.091
48.109 75.600 61.091
48.109 75.927 61.036
48.109 76.255 61.036
48.109 76.582 60.982
48.109 76.909 60.982
48.109 77.236 60.927
48.109 77.564 60.982
48.109 77.891 60.982
48.109 78.218 60.927
48.109 78.545 60.873
48.109 78.873 60.873
48.109 79.200 60.873
48.109 79.527 60.873
48.109 79.855 60.764
48.109 80.182 60.709
47.782 80.509 60.709
47.782 80.836 60.764
47.782 81.164 60.709
47.782 81.491 60.655
47.782 81.818 60.600
47.782 82.145 60.655
47.782 82.473 60.600
47.782 82.800 60.600
47.782 83.127 60.545
47.782 83.455 60.545
47.782 83.782 60.491
47.782 84.109 60.545
47.782 84.436 60.545
47.782 84.764 60.491
47.455 85.091 60.436
47.455 85.418 60.382
47.455 85.745 60.382
47.455 86.073 60.382
47.455 86.400 60.327
47.455 86.727 60.218
47.455 87.055 60.218
47.455 87.382 60.273
47.455 87.709 60.273
47.455 88.036 60.218
47.455 88.364 60.164
47.455 88.691 60.164
47.455 89.018 60.164
47.455 89.345 60.164
47.455 89.673 60.109
47.127 90.000 60.055
47.127 90.327 60.109
47.127 90.655 60.055
47.127 90.982 60.055
47.127 91.309 60.000
47.127 91.636 59.945
47.127 91.964 59.891
47.127 92.291 59.891
47.127 92.618 59.891
47.127 92.945 59.836
47.127 93.273 59.782
47.127 93.600 59.782
47.127 93.927 59.836
47.127 94.255 59.836
47.127 94.582 59.782
46.800 94.909 59.727
46.800 95.236 59.727
46.800 95.564 59.727
46.800 95.891 59.727
46.800 96.218 59.618
46.800 96.545 59.564
46.800 96.873 59.618
46.800 97.200 59.618
46.800 97.527 59.564
46.800 97.855 59.509
46.800 98.182 59.455
46.800 98.509 59.455
46.800 98.836 59.400
46.800 99.164 59.455
46.473 99.491 59.400
46.473 99.818 59.345
46.473 100.145 59.291
46.473 100.473 59.400
46.473 100.800 59.400
46.473 101.127 59.345
46.473 101.455 59.236
46.473 101.782 59.236
46.473 102.109 59.236
46.473 102.436 59.236
46.473 102.764 59.182
46.473 103.091 59.073
46.473 103.418 59.127
46.473 103.745 59.127
46.473 104.073 59.127
46.145 104.400 59.073
46.145 104.727 59.018
46.145 105.055 59.018
46.145 105.382 59.018
46.145 105.709 58.964
46.145 106.036 58.964
46.145 106.364 58.909
46.145 106.691 58.964
46.145 107.018 58.909
46.145 107.345 58.909
46.145 107.673 58.855
46.145 108.000 58.800
46.145 108.327 58.745
46.145 108.655 58.745
45.818 108.982 58.745
45.818 109.309 58.691
45.818 108.982 58.745
46.145 108.655 58.745
46.145 108.327 58.745
46.145 108.000 58.800
46.145 107.673 58.855
46.145 107.345 58.909
46.145 107.018 58.909
46.145 106.691 58.964
46.145 106.364 58.909
46.145 106.036 58.964
46.145 105.709 58.964
46.145 105.382 59.018
46.145 105.055 59.018
46.145 104.727 59.018
46.145 104.400 59.073
46.473 104.073 59.127
46.473 103.745 59.127
46.473 103.418 59.127
46.473 103.091 59.073
46.473 102.764 59.182
46.473 102.436 59.236
46.473 102.109 59.236
46.473 101.782 59.236
46.473 101.455 59.236
46.473 101.127 59.345
46.473 100.800 59.400
46.473 100.473 59.400
46.473 100.145 59.291
46.473 99.818 59.345
46.473 99.491 59.400
46.800 99.164 59.455
46.800 98.836 59.400
46.800 98.509 59.455
46.800 98.182 59.455
46.800 97.855 59.509
46.800 97.527 59.564
46.800 97.200 59.618
46.800 96.873 59.618
46.800 96.545 59.564
46.800 96.218 59.618
46.800 95.891 59.727
46.800 95.564 59.727
46.800 95.236 59.727
46.800 94.909 59.727
47.127 94.582 59.782
47.127 94.255 59.836
47.127 93.927 59.836
47.127 93.600 59.782
47.127 93.273 59.782
47.127 92.945 59.836
47.127 92.618 59.891
47.127 92.291 59.891
47.127 91.964 59.891
47.127 91.636 59.945
47.127 91.309 60.000
47.127 90.982 60.055
47.127 90.655 60.055
47.127 90.327 60.109
47.127 90.000 60.055
47.455 89.673 60.109
47.455 89.345 60.164
47.455 89.018 60.164
47.455 88.691 60.164
47.455 88.364 60.164
47.455 88.036 60.218
47.455 87.709 60.273
47.455 87.382 60.273
47.455 87.055 60.218
47.455 86.727 60.218
47.455 86.400 60.327
47.455 86.073 60.382
47.455 85.745 60.382
47.455 85.418 60.382
47.455 85.091 60.436
47.782 84.764 60.491
47.782 84.436 60.545
47.782 84.109 60.545
47.782 83.782 60.491
47.782 83.455 60.545
47.782 83.127 60.545
47.782 82.800 60.600
47.782 82.473 60.600
47.782 82.145 60.655
47.782 81.818 60.600
47.782 81.491 60.655
47.782 81.164 60.709
47.782 80.836 60.764
47.782 80.509 60.709
48.109 80.182 60.709
48.109 79.855 60.764
48.109 79.527 60.873
48.109 79.200 60.873
48.109 78.873 60.873
48.109 78.545 60.873
48.109 78.218 60.927
48.109 77.891 60.982
48.109 77.564 60.982
48.109 77.236 60.927
48.109 76.909 60.982
48.109 76.582 60.982
48.109 76.255 61.036
48.109 75.927 61.036
48.109 75.600 61.091
48.436 75.273 61.091
48.436 74.945 62.333
48.436 74.618 60.761
48.436 74.291 58.418
48.436 73.964 58.445
48.764 73.636 57.225
49.091 73.964 58.445
49.418 74.291 58.418
49.091 74.618 60.761
49.091 74.945 62.333
49.091 75.273 61.091
49.091 75.600 61.091
49.091 75.927 61.036
49.091 76.255 61.036
49.091 76.582 60.982
49.091 76.909 60.982
49.091 77.236 60.927
49.091 77.564 60.982
49.091 77.891 60.982
49.091 78.218 60.927
49.091 78.545 60.873
49.091 78.873 60.873
48.764 79.200 60.873
48.764 79.527 60.873
48.764 79.855 60.764
48.764 80.182 60.709
48.764 80.509 60.709
48.764 80.836 60.764
48.764 81.164 60.709
48.764 81.491 60.655
48.764 81.818 60.600
48.764 82.145 60.655
48.764 82.473 60.600
48.764 82.800 60.600
48.764 83.127 60.545
48.764 83.455 60.545
48.436 83.782 60.491
48.436 84.109 60.545
48.436 84.436 60.545
48.436 84.764 60.491
48.436 85.091 60.436
48.436 85.418 60.382
48.436 85.745 60.382
48.436 86.073 60.382
48.436 86.400 60.327
48.436 86.727 60.218
48.436 87.055 60.218
48.436 87.382 60.273
48.436 87.709 60.273
48.436 88.036 60.218
48.436 88.364 60.164
48.109 88.691 60.164
48.109 89.018 60.164
48.109 89.345 60.164
48.109 89.673 60.109
48.109 90.000 60.055
48.109 90.327 60.109
48.109 90.655 60.055
48.109 90.982 60.055
48.109 91.309 60.000
48.109 91.636 59.945
48.109 91.964 59.891
48.109 92.291 59.891
48.109 92.618 59.891
48.109 92.945 59.836
48.109 93.273 59.782
47.782 93.600 59.782
47.782 93.927 59.836
47.782 94.255 59.836
47.782 94.582 59.782
47.782 94.909 59.727
47.782 95.236 59.727
47.782 95.564 59.727
47.782 95.891 59.727
47.782 96.218 59.618
47.782 96.545 59.564
47.782 96.873 59.618
47.782 97.200 59.618
47.782 97.527 59.564
47.782 97.855 59.509
47.455 98.182 59.455
47.455 98.509 59.455
47.455 98.836 59.400
47.455 99.164 59.455
47.455 99.491 59.400
47.455 99.818 59.345
47.455 100.145 59.291
47.455 100.473 59.400
47.455 100.800 59.400
47.455 101.127 59.345
47.455 101.455 59.236
47.455 101.782 59.236
47.455 102.109 59.236
47.455 102.436 59.236
47.455 102.764 59.182
47.455 103.091 59.073
47.127 103.418 59.127
47.127 103.745 59.127
47.127 104.073 59.127
47.127 104.400 59.073
47.127 104.727 59.018
47.127 105.055 59.018
47.127 105.382 59.018
47.127 105.709 58.964
47.127 106.036 58.964
47.127 106.364 58.909
47.127 106.691 58.964
47.127 107.018 58.909
47.127 107.345 58.909
46.800 107.673 58.855
46.800 108.000 58.800
46.800 108.327 58.745
46.800 108.655 58.745
46.800 108.982 58.745
46.800 109.309 58.691
46.800 108.982 58.745
46.800 108.655 58.745
46.800 108.327 58.745
46.800 108.000 58.800
46.800 107.673 58.855
47.127 107.345 58.909
47.127 107.018 58.909
47.127 106.691 58.964
47.127 106.364 58.909
47.127 106.036 58.964
47.127 105.709 58.964
47.127 105.382 59.018
47.127 105.055 59.018
47.127 104.727 59.018
47.127 104.400 59.073
47.127 104.073 59.127
47.127 103.745 59.127
47.127 103.418 59.127
47.455 103.091 59.073
47.455 102.764 59.182
47.455 102.436 59.236
47.455 102.109 59.236
47.455 101.782 59.236
47.455 101.455 59.236
47.455 101.127 59.345
47.455 100.800 59.400
47.455 100.473 59.400
47.455 100.145 59.291
47.455 99.818 59.345
47.455 99.491 59.400
47.455 99.164 59.455
47.455 98.836 59.400
47.455 98.509 59.455
47.455 98.182 59.455
47.782 97.855 59.509
47.782 97.527 59.564
47.782 97.200 59.618
47.782 96.873 59.618
47.782 96.545 59.564
47.782 96.218 59.618
47.782 95.891 59.727
47.782 95.564 59.727
47.782 95.236 59.727
47.782 94.909 59.727
47.782 94.582 59.782
47.782 94.255 59.836
47.782 93.927 59.836
47.782 93.600 59.782
48.109 93.273 59.782
48.109 92.945 59.836
48.109 92.618 59.891
48.109 92.291 59.891
48.109 91.964 59.891
48.109 91.636 59.945
48.109 91.309 60.000
48.109 90.982 60.055
48.109 90.655 60.055
48.109 90.327 60.109
48.109 90.000 60.055
48.109 89.673 60.109
48.109 89.345 60.164
48.109 89.018 60.164
48.109 88.691 60.164
48.436 88.364 60.164
48.436 88.036 60.218
48.436 87.709 60.273
48.436 87.382 60.273
48.436 87.055 60.218
48.436 86.727 60.218
48.436 86.400 60.327
48.436 86.073 60.382
48.436 85.745 60.382
48.436 85.418 60.382
48.436 85.091 60.436
48.436 84.764 60.491
48.436 84.436 60.545
48.436 84.109 60.545
48.436 83.782 60.491
48.764 83.455 60.545
48.764 83.127 60.545
48.764 82.800 60.600
48.764 82.473 60.600
48.764 82.145 60.655
48.764 81.818 60.600
48.764 81.491 60.655
48.764 81.164 60.709
48.764 80.836 60.764
48.764 80.509 60.709
48.764 80.182 60.709
48.764 79.855 60.764
48.764 79.527 60.873
48.764 79.200 60.873
49.091 78.873 60.873
49.091 78.545 60.873
49.091 78.218 60.927
49.091 77.891 60.982
49.091 77.564 60.982
49.091 77.236 60.927
49.091 76.909 60.982
49.091 76.582 60.982
49.091 76.255 61.036
49.091 75.927 61.036
49.091 75.600 61.091
49.091 75.273 61.091
49.091 74.945 62.333
49.091 74.618 60.761
49.418 74.291 58.418
49.091 73.964 58.445
49.418 73.636 57.225
49.745 73.636 57.225
50.073 73.636 57.225
50.400 73.636 57.225
50.727 73.636 57.225
51.055 73.636 57.225
51.382 73.636 57.225
51.709 73.636 57.225
52.036 73.636 57.225
52.364 73.636 57.225
52.691 73.964 58.445
52.691 74.291 58.418
52.691 74.618 60.761
52.691 74.945 62.333
52.364 75.273 61.091
52.364 75.600 61.091
52.364 75.927 61.036
52.364 76.255 61.036
52.364 76.582 60.982
52.036 76.909 60.982
52.036 77.236 60.927
52.036 77.564 60.982
52.036 77.891 60.982
52.036 78.218 60.927
52.036 78.545 60.873
52.036 78.873 60.873
52.036 79.200 60.873
52.036 79.527 60.873
51.709 79.855 60.764
51.709 80.182 60.709
51.709 80.509 60.709
51.709 80.836 60.764
51.709 81.164 60.709
51.709 81.491 60.655
51.709 81.818 60.600
51.709 82.145 60.655
51.382 82.473 60.600
51.382 82.800 60.600
51.382 83.127 60.545
51.382 83.455 60.545
51.382 83.782 60.491
51.382 84.109 60.545
51.382 84.436 60.545
51.382 84.764 60.491
51.055 85.091 60.436
51.055 85.418 60.382
51.055 85.745 60.382
51.055 86.073 60.382
51.055 86.400 60.327
51.055 86.727 60.218
51.055 87.055 60.218
51.055 87.382 60.273
50.727 87.709 60.273
50.727 88.036 60.218
50.727 88.364 60.164
50.727 88.691 60.164
50.727 89.018 60.164
50.727 89.345 60.164
50.727 89.673 60.109
50.727 90.000 60.055
50.727 90.327 60.109
50.400 90.655 60.055
50.400 90.982 60.055
50.400 91.309 60.000
50.400 91.636 59.945
50.400 91.964 59.891
50.400 92.291 59.891
50.400 92.618 59.891
50.400 92.945 59.836
50.073 93.273 59.782
50.073 93.600 59.782
50.073 93.927 59.836
50.073 94.255 59.836
50.073 94.582 59.782
50.073 94.909 59.727
50.073 95.236 59.727
50.073 95.564 59.727
49.745 95.891 59.727
49.745 96.218 59.618
49.745 96.545 59.564
49.745 96.873 59.618
49.745 97.200 59.618
49.745 97.527 59.564
49.745 97.855 59.509
49.745 98.182 59.455
49.418 98.509 59.455
49.418 98.836 59.400
49.418 99.164 59.455
49.418 99.491 59.400
49.418 99.818 59.345
49.418 100.145 59.291
49.418 100.473 59.400
49.418 100.800 59.400
49.091 101.127 59.345
49.091 101.455 59.236
49.091 101.782 59.236
49.091 102.109 59.236
49.091 102.436 59.236
49.091 102.764 59.182
49.091 103.091 59.073
49.091 103.418 59.127
48.764 103.745 59.127
48.764 104.073 59.127
48.764 104.400 59.073
48.764 104.727 59.018
48.764 105.055 59.018
48.764 105.382 59.018
48.764 105.709 58.964
48.764 106.036 58.964
48.764 106.364 58.909
48.436 106.691 58.964
48.436 107.018 58.909
48.436 107.345 58.909
48.436 107.673 58.855
48.436 108.000 58.800
48.436 108.327 58.745
48.436 108.655 58.745
48.436 108.982 58.745
48.109 109.309 58.691
48.436 108.982 58.745
48.436 108.655 58.745
48.436 108.327 58.745
48.436 108.000 58.800
48.436 107.673 58.855
48.436 107.345 58.909
48.436 107.018 58.909
48.436 106.691 58.964
48.764 106.364 58.909
48.764 106.036 58.964
48.764 105.709 58.964
48.764 105.382 59.018
48.764 105.055 59.018
48.764 104.727 59.018
48.764 104.400 59.073
48.764 104.073 59.127
48.764 103.745 59.127
49.091 103.418 59.127
49.091 103.091 59.073
49.091 102.764 59.182
49.091 102.436 59.236
49.091 102.109 59.236
49.091 101.782 59.236
49.091 101.455 59.236
49.091 101.127 59.345
49.418 100.800 59.400
49.418 100.473 59.400
49.418 100.145 59.291
49.418 99.818 59.345
49.418 99.491 59.400
49.418 99.164 59.455
49.418 98.836 59.400
49.418 98.509 59.455
49.745 98.182 59.455
49.745 97.855 59.509
49.745 97.527 59.564
49.745 97.200 59.618
49.745 96.873 59.618
49.745 96.545 59.564
49.745 96.218 59.618
49.745 95.891 59.727
50.073 95.564 59.727
50.073 95.236 59.727
50.073 94.909 59.727
50.073 94.582 59.782
50.073 94.255 59.836
50.073 93.927 59.836
50.073 93.600 59.782
50.073 93.273 59.782
50.400 92.945 59.836
50.400 92.618 59.891
50.400 92.291 59.891
50.400 91.964 59.891
50.400 91.636 59.945
50.400 91.309 60.000
50.400 90.982 60.055
50.400 90.655 60.055
50.727 90.327 60.109
50.727 90.000 60.055
50.727 89.673 60.109
50.727 89.345 60.164
50.727 89.018 60.164
50.727 88.691 60.164
50.727 88.364 60.164
50.727 88.036 60.218
50.727 87.709 60.273
51.055 87.382 60.273
51.055 87.055 60.218
51.055 86.727 60.218
51.055 86.400 60.327
51.055 86.073 60.382
51.055 85.745 60.382
51.055 85.418 60.382
51.055 85.091 60.436
51.382 84.764 60.491
51.382 84.436 60.545
51.382 84.109 60.545
51.382 83.782 60.491
51.382 83.455 60.545
51.382 83.127 60.545
51.382 82.800 60.600
51.382 82.473 60.600
51.709 82.145 60.655
51.709 81.818 60.600
51.709 81.491 60.655
51.709 81.164 60.709
51.709 80.836 60.764
51.709 80.509 60.709
51.709 80.182 60.709
51.709 79.855 60.764
52.036 79.527 60.873
52.036 79.200 60.873
52.036 78.873 60.873
52.036 78.545 60.873
52.036 78.218 60.927
52.036 77.891 60.982
52.036 77.564 60.982
52.036 77.236 60.927
52.036 76.909 60.982
52.364 76.582 60.982
52.364 76.255 61.036
52.364 75.927 61.036
52.364 75.600 61.091
52.364 75.273 61.091
52.691 74.945 62.333
53.018 74.618 60.761
53.345 74.618 60.761
53.673 74.945 62.333
54.000 74.618 60.761
54.327 74.618 60.761
54.655 74.618 60.761
54.982 74.618 60.761
55.309 74.945 62.333
55.636 75.273 61.091
55.309 75.600 61.091
54.982 75.600 61.091
54.655 75.600 61.091
54.327 75.600 61.091
54.000 75.600 61.091
53.673 75.600 61.091
53.345 75.600 61.091
53.018 75.927 61.036
53.345 76.255 61.036
53.018 76.582 60.982
53.018 76.909 60.982
53.018 77.236 60.927
53.018 77.564 60.982
53.018 77.891 60.982
53.018 78.218 60.927
53.018 78.545 60.873
53.018 78.873 60.873
52.691 79.200 60.873
52.691 79.527 60.873
52.691 79.855 60.764
52.691 80.182 60.709
52.691 80.509 60.709
52.691 80.836 60.764
52.691 81.164 60.709
52.691 81.491 60.655
52.364 81.818 60.600
52.364 82.145 60.655
52.364 82.473 60.600
52.364 82.800 60.600
52.364 83.127 60.545
52.364 83.455 60.545
52.364 83.782 60.491
52.364 84.109 60.545
52.036 84.436 60.545
52.036 84.764 60.491
52.036 85.091 60.436
52.036 85.418 60.382
52.036 85.745 60.382
52.036 86.073 60.382
52.036 86.400 60.327
52.036 86.727 60.218
51.709 87.055 60.218
51.709 87.382 60.273
51.709 87.709 60.273
51.709 88.036 60.218
51.709 88.364 60.164
51.709 88.691 60.164
51.709 89.018 60.164
51.709 89.345 60.164
51.709 89.673 60.109
51.382 90.000 60.055
51.382 90.327 60.109
51.382 90.655 60.055
51.382 90.982 60.055
51.382 91.309 60.000
51.382 91.636 59.945
51.382 91.964 59.891
51.382 92.291 59.891
51.055 92.618 59.891
51.055 92.945 59.836
51.055 93.273 59.782
51.055 93.600 59.782
51.055 93.927 59.836
51.055 94.255 59.836
51.055 94.582 59.782
51.055 94.909 59.727
50.727 95.236 59.727
50.727 95.564 59.727
50.727 95.891 59.727
50.727 96.218 59.618
50.727 96.545 59.564
50.727 96.873 59.618
50.727 97.200 59.618
50.727 97.527 59.564
50.400 97.855 59.509
50.400 98.182 59.455
50.400 98.509 59.455
50.400 98.836 59.400
50.400 99.164 59.455
50.400 99.491 59.400
50.400 99.818 59.345
50.400 100.145 59.291
50.400 100.473 59.400
50.073 100.800 59.400
50.073 101.127 59.345
50.073 101.455 59.236
50.073 101.782 59.236
50.073 102.109 59.236
50.073 102.436 59.236
50.073 102.764 59.182
50.073 103.091 59.073
49.745 103.418 59.127
49.745 103.745 59.127
49.745 104.073 59.127
49.745 104.400 59.073
49.745 104.727 59.018
49.745 105.055 59.018
49.745 105.382 59.018
49.745 105.709 58.964
49.418 106.036 58.964
49.418 106.364 58.909
49.418 106.691 58.964
49.418 107.018 58.909
49.418 107.345 58.909
49.418 107.673 58.855
49.418 108.000 58.800
49.091 108.327 58.745
49.091 108.655 58.745
49.091 108.982 58.745
49.091 109.309 58.691
49.091 108.982 58.745
49.091 108.655 58.745
49.091 108.327 58.745
49.418 108.000 58.800
49.418 107.673 58.855
49.418 107.345 58.909
49.418 107.018 58.909
49.418 106.691 58.964
49.418 106.364 58.909
49.418 106.036 58.964
49.745 105.709 58.964
49.745 105.382 59.018
49.745 105.055 59.018
49.745 104.727 59.018
49.745 104.400 59.073
49.745 104.073 59.127
49.745 103.745 59.127
49.745 103.418 59.127
50.073 103.091 59.073
50.073 102.764 59.182
50.073 102.436 59.236
50.073 102.109 59.236
50.073 101.782 59.236
50.073 101.455 59.236
50.073 101.127 59.345
50.073 100.800 59.400
50.400 100.473 59.400
50.400 100.145 59.291
50.400 99.818 59.345
50.400 99.491 59.400
50.400 99.164 59.455
50.400 98.836 59.400
50.400 98.509 59.455
50.400 98.182 59.455
50.400 97.855 59.509
50.727 97.527 59.564
50.727 97.200 59.618
50.727 96.873 59.618
50.727 96.545 59.564
50.727 96.218 59.618
50.727 95.891 59.727
50.727 95.564 59.727
50.727 95.236 59.727
51.055 94.909 59.727
51.055 94.582 59.782
51.055 94.255 59.836
51.055 93.927 59.836
51.055 93.600 59.782
51.055 93.273 59.782
51.055 92.945 59.836
51.055 92.618 59.891
51.382 92.291 59.891
51.382 91.964 59.891
51.382 91.636 59.945
51.382 91.309 60.000
51.382 90.982 60.055
51.382 90.655 60.055
51.382 90.327 60.109
51.382 90.000 60.055
51.709 89.673 60.109
51.709 89.345 60.164
51.709 89.018 60.164
51.709 88.691 60.164
51.709 88.364 60.164
51.709 88.036 60.218
51.709 87.709 60.273
51.709 87.382 60.273
51.709 87.055 60.218
52.036 86.727 60.218
52.036 86.400 60.327
52.036 86.073 60.382
52.036 85.745 60.382
52.036 85.418 60.382
52.036 85.091 60.436
52.036 84.764 60.491
52.036 84.436 60.545
52.364 84.109 60.545
52.364 83.782 60.491
52.364 83.455 60.545
52.364 83.127 60.545
52.364 82.800 60.600
52.364 82.473 60.600
52.364 82.145 60.655
52.364 81.818 60.600
52.691 81.491 60.655
52.691 81.164 60.709
52.691 80.836 60.764
52.691 80.509 60.709
52.691 80.182 60.709
52.691 79.855 60.764
52.691 79.527 60.873
52.691 79.200 60.873
53.018 78.873 60.873
53.018 78.545 60.873
53.018 78.218 60.927
53.018 77.891 60.982
53.018 77.564 60.982
53.018 77.236 60.927
53.018 76.909 60.982
53.018 76.582 60.982
53.345 76.255 61.036
53.345 75.927 61.036
53.673 75.600 61.091
54.000 75.600 61.091
54.327 75.600 61.091
54.655 75.600 61.091
54.982 75.600 61.091
55.309 75.600 61.091
55.636 75.927 61.036
55.636 76.255 61.036
55.309 76.582 60.982
55.309 76.909 60.982
55.309 77.236 60.927
55.309 77.564 60.982
54.982 77.891 60.982
54.982 78.218 60.927
54.982 78.545 60.873
54.982 78.873 60.873
54.982 79.200 60.873
54.982 79.527 60.873
54.982 79.855 60.764
54.982 80.182 60.709
54.982 80.509 60.709
54.655 80.836 60.764
54.655 81.164 60.709
54.655 81.491 60.655
54.655 81.818 60.600
54.655 82.145 60.655
54.655 82.473 60.600
54.655 82.800 60.600
54.327 83.127 60.545
54.327 83.455 60.545
54.327 83.782 60.491
54.327 84.109 60.545
54.327 84.436 60.545
54.327 84.764 60.491
54.327 85.091 60.436
54.327 85.418 60.382
54.000 85.745 60.382
54.000 86.073 60.382
54.000 86.400 60.327
54.000 86.727 60.218
54.000 87.055 60.218
54.000 87.382 60.273
53.673 87.709 60.273
53.673 88.036 60.218
53.673 88.364 60.164
53.673 88.691 60.164
53.673 89.018 60.164
53.673 89.345 60.164
53.673 89.673 60.109
53.345 90.000 60.055
53.345 90.327 60.109
53.345 90.655 60.055
53.345 90.982 60.055
53.345 91.309 60.000
53.345 91.636 59.945
53.345 91.964 59.891
53.345 92.291 59.891
53.018 92.618 59.891
53.018 92.945 59.836
53.018 93.273 59.782
53.018 93.600 59.782
53.018 93.927 59.836
53.018 94.255 59.836
53.018 94.582 59.782
52.691 94.909 59.727
52.691 95.236 59.727
52.691 95.564 59.727
52.691 95.891 59.727
52.691 96.218 59.618
52.691 96.545 59.564
52.691 96.873 59.618
52.364 97.200 59.618
52.364 97.527 59.564
52.364 97.855 59.509
52.364 98.182 59.455
52.364 98.509 59.455
52.364 98.836 59.400
52.364 99.164 59.455
52.036 99.491 59.400
52.036 99.818 59.345
52.036 100.145 59.291
52.036 100.473 59.400
52.036 100.800 59.400
52.036 101.127 59.345
52.036 101.455 59.236
51.709 101.782 59.236
51.709 102.109 59.236
51.709 102.436 59.236
51.709 102.764 59.182
51.709 103.091 59.073
51.709 103.418 59.127
51.709 103.745 59.127
51.382 104.073 59.127
51.382 104.400 59.073
51.382 104.727 59.018
51.382 105.055 59.018
51.382 105.382 59.018
51.382 105.709 58.964
51.382 106.036 58.964
51.382 105.709 58.964
51.382 105.382 59.018
51.382 105.055 59.018
51.382 104.727 59.018
51.382 104.400 59.073
51.382 104.073 59.127
51.709 103.745 59.127
51.709 103.418 59.127
51.709 103.091 59.073
51.709 102.764 59.182
51.709 102.436 59.236
51.709 102.109 59.236
51.709 101.782 59.236
52.036 101.455 59.236
52.036 101.127 59.345
52.036 100.800 59.400
52.036 100.473 59.400
52.036 100.145 59.291
52.036 99.818 59.345
52.036 99.491 59.400
52.364 99.164 59.455
52.364 98.836 59.400
52.364 98.509 59.455
52.364 98.182 59.455
52.364 97.855 59.509
52.364 97.527 59.564
52.364 97.200 59.618
52.691 96.873 59.618
52.691 96.545 59.564
52.691 96.218 59.618
52.691 95.891 59.727
52.691 95.564 59.727
52.691 95.236 59.727
52.691 94.909 59.727
53.018 94.582 59.782
53.018 94.255 59.836
53.018 93.927 59.836
53.018 93.600 59.782
53.018 93.273 59.782
53.018 92.945 59.836
53.018 92.618 59.891
53.345 92.291 59.891
53.345 91.964 59.891
53.345 91.636 59.945
53.345 91.309 60.000
53.345 90.982 60.055
53.345 90.655 60.055
53.345 90.327 60.109
53.345 90.000 60.055
53.673 89.673 60.109
53.673 89.345 60.164
53.673 89.018 60.164
53.673 88.691 60.164
53.673 88.364 60.164
53.673 88.036 60.218
53.673 87.709 60.273
54.000 87.382 60.273
54.000 87.055 60.218
54.000 86.727 60.218
54.000 86.400 60.327
54.000 86.073 60.382
54.000 85.745 60.382
54.327 85.418 60.382
54.327 85.091 60.436
54.327 84.764 60.491
54.327 84.436 60.545
54.327 84.109 60.545
54.327 83.782 60.491
54.327 83.455 60.545
54.327 83.127 60.545
54.655 82.800 60.600
54.655 82.473 60.600
54.655 82.145 60.655
54.655 81.818 60.600
54.655 81.491 60.655
54.655 81.164 60.709
54.655 80.836 60.764
54.982 80.509 60.709
54.982 80.182 60.709
54.982 79.855 60.764
54.982 79.527 60.873
54.982 79.200 60.873
54.982 78.873 60.873
54.982 78.545 60.873
54.982 78.218 60.927
55.309 77.891 60.982
55.309 77.564 60.982
55.309 77.236 60.927
55.309 76.909 60.982
55.636 76.582 60.982
55.636 76.255 61.036
55.636 75.927 61.036
55.636 75.600 61.091
55.636 75.273 61.091
55.964 74.945 62.333
56.291 74.945 62.333
56.618 74.945 62.333
56.945 74.618 60.761
57.273 74.618 60.761
57.600 74.618 60.761
57.927 74.618 60.761
58.255 74.618 60.761
58.582 74.618 60.761
58.909 74.618 60.761
59.236 74.945 62.333
59.564 74.945 62.333
59.891 74.945 62.333
60.218 75.273 61.091
60.218 75.600 61.091
60.218 75.927 61.036
60.218 76.255 61.036
59.891 76.582 60.982
59.891 76.909 60.982
59.891 77.236 60.927
59.891 77.564 60.982
59.891 77.891 60.982
59.891 78.218 60.927
59.891 78.545 60.873
59.891 78.873 60.873
59.564 79.200 60.873
59.236 79.527 60.873
59.236 79.855 60.764
59.564 80.182 60.709
59.236 80.509 60.709
59.236 80.836 60.764
59.236 81.164 60.709
59.236 81.491 60.655
59.236 81.818 60.600
59.236 82.145 60.655
58.909 82.473 60.600
58.909 82.800 60.600
58.909 83.127 60.545
58.909 83.455 60.545
58.909 83.782 60.491
58.582 84.109 60.545
58.582 84.436 60.545
58.582 84.764 60.491
58.582 85.091 60.436
58.582 85.418 60.382
58.255 85.745 60.382
58.255 86.073 60.382
58.255 86.400 60.327
58.255 86.727 60.218
58.255 87.055 60.218
57.927 87.382 60.273
57.927 87.709 60.273
57.927 88.036 60.218
57.927 88.364 60.164
57.927 88.691 60.164
57.927 89.018 60.164
57.600 89.345 60.164
57.600 89.673 60.109
57.600 90.000 60.055
57.600 90.327 60.109
57.600 90.655 60.055
57.273 90.982 60.055
57.273 91.309 60.000
57.273 91.636 59.945
57.273 91.964 59.891
57.273 92.291 59.891
56.945 92.618 59.891
56.945 92.945 59.836
56.945 93.273 59.782
56.945 93.600 59.782
56.945 93.927 59.836
56.945 94.255 59.836
56.618 94.582 59.782
56.618 94.909 59.727
56.618 95.236 59.727
56.618 95.564 59.727
56.618 95.891 59.727
56.291 96.218 59.618
56.291 96.545 59.564
56.291 96.873 59.618
56.291 97.200 59.618
56.291 97.527 59.564
55.964 97.855 59.509
55.964 98.182 59.455
55.964 98.509 59.455
55.964 98.836 59.400
55.964 99.164 59.455
55.964 99.491 59.400
55.636 99.818 59.345
55.636 100.145 59.291
55.636 100.473 59.400
55.636 100.800 59.400
55.636 101.127 59.345
55.309 101.455 59.236
55.309 101.782 59.236
55.309 102.109 59.236
55.309 102.436 59.236
55.309 102.764 59.182
54.982 103.091 59.073
54.982 103.418 59.127
54.982 103.745 59.127
54.982 104.073 59.127
54.982 104.400 59.073
54.982 104.727 59.018
54.655 105.055 59.018
54.655 105.382 59.018
54.655 105.709 58.964
54.655 106.036 58.964
54.655 106.364 58.909
54.327 106.691 58.964
54.327 107.018 58.909
54.000 107.345 58.909
53.673 107.018 58.909
53.673 106.691 58.964
53.673 106.364 58.909
53.673 106.036 58.964
53.673 105.709 58.964
53.673 105.382 59.018
54.000 105.055 59.018
54.000 104.727 59.018
54.000 104.400 59.073
54.000 104.073 59.127
54.000 103.745 59.127
54.000 103.418 59.127
54.327 103.091 59.073
54.327 102.764 59.182
54.327 102.436 59.236
54.327 102.109 59.236
54.327 101.782 59.236
54.655 101.455 59.236
54.655 101.127 59.345
54.655 100.800 59.400
54.655 100.473 59.400
54.655 100.145 59.291
54.982 99.818 59.345
54.982 99.491 59.400
54.982 99.164 59.455
54.982 98.836 59.400
54.982 98.509 59.455
54.982 98.182 59.455
55.309 97.855 59.509
55.309 97.527 59.564
55.309 97.200 59.618
55.309 96.873 59.618
55.309 96.545 59.564
55.636 96.218 59.618
55.636 95.891 59.727
55.636 95.564 59.727
55.636 95.236 59.727
55.636 94.909 59.727
55.964 94.582 59.782
55.964 94.255 59.836
55.964 93.927 59.836
55.964 93.600 59.782
55.964 93.273 59.782
55.964 92.945 59.836
56.291 92.618 59.891
56.291 92.291 59.891
56.291 91.964 59.891
56.291 91.636 59.945
56.291 91.309 60.000
56.618 90.982 60.055
56.618 90.655 60.055
56.618 90.327 60.109
56.618 90.000 60.055
56.618 89.673 60.109
56.945 89.345 60.164
56.945 89.018 60.164
56.945 88.691 60.164
56.945 88.364 60.164
56.945 88.036 60.218
56.945 87.709 60.273
57.273 87.382 60.273
57.273 87.055 60.218
57.273 86.727 60.218
57.273 86.400 60.327
57.273 86.073 60.382
57.600 85.745 60.382
57.600 85.418 60.382
57.600 85.091 60.436
57.600 84.764 60.491
57.600 84.436 60.545
57.927 84.109 60.545
57.927 83.782 60.491
57.927 83.455 60.545
57.927 83.127 60.545
57.927 82.800 60.600
58.255 82.473 60.600
58.255 82.145 60.655
58.255 81.818 60.600
58.255 81.491 60.655
58.255 81.164 60.709
58.255 80.836 60.764
58.582 80.509 60.709
58.582 80.182 60.709
58.582 79.855 60.764
58.582 79.527 60.873
58.582 79.200 60.873
58.582 78.873 60.873
58.909 78.545 60.873
59.236 78.218 60.927
58.909 77.891 60.982
58.909 77.564 60.982
58.909 77.236 60.927
58.909 76.909 60.982
58.909 76.582 60.982
59.236 76.255 61.036
59.236 75.927 61.036
59.236 75.600 61.091
58.909 75.600 61.091
58.582 75.600 61.091
58.255 75.600 61.091
57.927 75.927 61.036
57.600 76.255 61.036
57.273 76.255 61.036
56.945 76.255 61.036
56.618 76.255 61.036
56.291 76.255 61.036
56.618 76.255 61.036
56.945 76.255 61.036
57.273 76.255 61.036
57.600 76.582 60.982
57.273 76.909 60.982
56.945 76.909 60.982
56.618 76.909 60.982
56.291 77.236 60.927
56.291 77.564 60.982
56.291 77.891 60.982
56.291 78.218 60.927
55.964 78.545 60.873
55.636 78.873 60.873
55.636 79.200 60.873
55.964 79.527 60.873
55.964 79.855 60.764
55.964 80.182 60.709
55.636 80.509 60.709
55.636 80.836 60.764
55.636 81.164 60.709
55.636 81.491 60.655
55.636 81.818 60.600
55.636 82.145 60.655
55.309 82.473 60.600
55.309 82.800 60.600
55.309 83.127 60.545
55.309 83.455 60.545
55.309 83.782 60.491
55.309 84.109 60.545
55.309 84.436 60.545
55.309 84.764 60.491
54.982 85.091 60.436
54.982 85.418 60.382
54.982 85.745 60.382
54.982 86.073 60.382
54.982 86.400 60.327
54.982 86.727 60.218
54.982 87.055 60.218
54.655 87.382 60.273
54.655 87.709 60.273
54.655 88.036 60.218
54.655 88.364 60.164
54.655 88.691 60.164
54.655 89.018 60.164
54.655 89.345 60.164
54.327 89.673 60.109
54.327 90.000 60.055
54.327 90.327 60.109
54.327 90.655 60.055
54.327 90.982 60.055
54.327 91.309 60.000
54.327 91.636 59.945
54.000 91.964 59.891
54.000 92.291 59.891
54.000 92.618 59.891
54.000 92.945 59.836
54.000 93.273 59.782
54.000 93.600 59.782
54.000 93.927 59.836
53.673 94.255 59.836
53.673 94.582 59.782
53.673 94.909 59.727
53.673 95.236 59.727
53.673 95.564 59.727
53.673 95.891 59.727
53.673 96.218 59.618
53.345 96.545 59.564
53.345 96.873 59.618
53.345 97.200 59.618
53.345 97.527 59.564
53.345 97.855 59.509
53.345 98.182 59.455
53.345 98.509 59.455
53.018 98.836 59.400
53.018 99.164 59.455
53.018 99.491 59.400
53.018 99.818 59.345
53.018 100.145 59.291
53.018 100.473 59.400
53.018 100.800 59.400
52.691 101.127 59.345
52.691 101.455 59.236
52.691 101.782 59.236
52.691 102.109 59.236
52.691 102.436 59.236
52.691 102.764 59.182
52.691 103.091 59.073
52.364 103.418 59.127
52.364 103.745 59.127
52.364 104.073 59.127
52.364 104.400 59.073
52.364 104.727 59.018
52.364 105.055 59.018
52.364 105.382 59.018
52.036 105.709 58.964
52.036 106.036 58.964
52.036 106.364 58.909
52.036 106.691 58.964
51.709 107.018 58.909
51.382 106.691 58.964
51.055 106.691 58.964
50.727 107.018 58.909
50.400 107.345 58.909
50.400 107.673 58.855
50.400 108.000 58.800
50.400 108.327 58.745
50.400 108.655 58.745
50.727 108.655 58.745
51.055 108.982 58.745
50.727 109.309 58.691
51.055 109.309 58.691
51.055 108.982 58.745
50.727 108.655 58.745
50.400 108.327 58.745
50.400 108.000 58.800
50.400 107.673 58.855
50.727 107.345 58.909
51.055 107.018 58.909
51.382 107.018 58.909
51.709 107.018 58.909
52.036 107.018 58.909
52.364 107.018 58.909
52.691 107.018 58.909
53.018 107.018 58.909
53.345 107.018 58.909
53.673 107.018 58.909
54.000 107.345 58.909
54.327 107.345 58.909
54.655 107.673 58.855
54.982 108.000 58.800
54.982 108.327 58.745
54.655 108.655 58.745
54.655 108.982 58.745
54.327 109.309 58.691
54.655 109.309 58.691
54.655 108.982 58.745
54.655 108.655 58.745
54.982 108.327 58.745
54.982 108.000 58.800
54.655 107.673 58.855
54.655 107.345 58.909
54.327 107.018 58.909
54.327 106.691 58.964
54.655 106.364 58.909
54.655 106.036 58.964
54.655 105.709 58.964
54.655 105.382 59.018
54.655 105.055 59.018
54.982 104.727 59.018
54.982 104.400 59.073
54.982 104.073 59.127
54.982 103.745 59.127
54.982 103.418 59.127
54.982 103.091 59.073
55.309 102.764 59.182
55.309 102.436 59.236
55.309 102.109 59.236
55.309 101.782 59.236
55.309 101.455 59.236
55.636 101.127 59.345
55.636 100.800 59.400
55.636 100.473 59.400
55.636 100.145 59.291
55.636 99.818 59.345
55.964 99.491 59.400
55.964 99.164 59.455
55.964 98.836 59.400
55.964 98.509 59.455
55.964 98.182 59.455
55.964 97.855 59.509
56.291 97.527 59.564
56.291 97.200 59.618
56.291 96.873 59.618
56.291 96.545 59.564
56.291 96.218 59.618
56.618 95.891 59.727
56.618 95.564 59.727
56.618 95.236 59.727
56.618 94.909 59.727
56.618 94.582 59.782
56.945 94.255 59.836
56.945 93.927 59.836
56.945 93.600 59.782
56.945 93.273 59.782
56.945 92.945 59.836
56.945 92.618 59.891
57.273 92.291 59.891
57.273 91.964 59.891
57.273 91.636 59.945
57.273 91.309 60.000
57.273 90.982 60.055
57.600 90.655 60.055
57.600 90.327 60.109
57.600 90.000 60.055
57.600 89.673 60.109
57.600 89.345 60.164
57.927 89.018 60.164
57.927 88.691 60.164
57.927 88.364 60.164
57.927 88.036 60.218
57.927 87.709 60.273
57.927 87.382 60.273
58.255 87.055 60.218
58.255 86.727 60.218
58.255 86.400 60.327
58.255 86.073 60.382
58.255 85.745 60.382
58.582 85.418 60.382
58.582 85.091 60.436
58.582 84.764 60.491
58.582 84.436 60.545
58.582 84.109 60.545
58.909 83.782 60.491
58.909 83.455 60.545
58.909 83.127 60.545
58.909 82.800 60.600
58.909 82.473 60.600
59.236 82.145 60.655
59.236 81.818 60.600
59.236 81.491 60.655
59.236 81.164 60.709
59.236 80.836 60.764
59.236 80.509 60.709
59.564 80.182 60.709
59.236 79.855 60.764
59.564 79.527 60.873
59.891 79.200 60.873
59.891 78.873 60.873
59.891 78.545 60.873
59.891 78.218 60.927
59.891 77.891 60.982
59.891 77.564 60.982
59.891 77.236 60.927
59.891 76.909 60.982
59.891 76.582 60.982
60.218 76.255 61.036
60.218 75.927 61.036
60.545 75.600 61.091
60.873 75.600 61.091
61.200 75.600 61.091
61.527 75.600 61.091
61.855 75.600 61.091
62.182 75.600 61.091
62.509 75.600 61.091
62.836 75.600 61.091
63.164 75.600 61.091
63.491 75.600 61.091
63.818 75.600 61.091
64.145 75.600 61.091
64.473 75.600 61.091
64.800 75.600 61.091
65.127 75.600 61.091
65.455 75.600 61.091
65.782 75.600 61.091
66.109 75.600 61.091
66.436 75.600 61.091
66.764 75.600 61.091
67.091 75.600 61.091
67.418 75.600 61.091
67.745 75.600 61.091
68.073 75.600 61.091
68.400 75.600 61.091
68.727 75.600 61.091
69.055 75.600 61.091
69.382 75.600 61.091
69.709 75.600 61.091
70.036 75.600 61.091
70.364 75.600 61.091
70.691 75.600 61.091
71.018 75.600 61.091
71.345 75.600 61.091
71.673 75.600 61.091
72.000 75.600 61.091
72.327 75.600 61.091
72.655 75.600 61.091
72.982 75.600 61.091
73.309 75.600 61.091
73.636 75.600 61.091
73.964 75.600 61.091
74.291 75.600 61.091
74.618 75.600 61.091
74.945 75.600 61.091
75.273 75.600 61.091
75.600 75.600 61.091
75.927 75.600 61.091
76.255 75.600 61.091
76.582 75.600 61.091
76.909 75.600 61.091
77.236 75.600 61.091
77.564 75.600 61.091
77.891 75.600 61.091
78.218 75.600 61.091
78.545 75.600 61.091
78.873 75.600 61.091
79.200 75.600 61.091
79.527 75.600 61.091
79.855 75.600 61.091
80.182 75.600 61.091
80.509 75.600 61.091
80.836 75.600 61.091
81.164 75.600 61.091
81.491 75.600 61.091
81.818 75.600 61.091
82.145 75.600 61.091
82.473 75.600 61.091
82.800 75.600 61.091
83.127 75.600 61.091
83.455 75.600 61.091
83.782 75.600 61.091
84.109 75.600 61.091
84.436 75.600 61.091
84.764 75.600 61.091
85.091 75.927 61.036
85.418 76.255 61.036
85.418 76.582 60.982
85.418 76.909 60.982
85.418 77.236 60.927
85.418 77.564 60.982
85.745 77.891 60.982
85.745 78.218 60.927
85.745 78.545 60.873
85.745 78.873 60.873
85.745 79.200 60.873
86.073 79.527 60.873
86.073 79.855 60.764
86.073 80.182 60.709
86.073 80.509 60.709
86.073 80.836 60.764
86.073 81.164 60.709
86.400 81.491 60.655
86.400 81.818 60.600
86.400 82.145 60.655
86.400 82.473 60.600
86.400 82.800 60.600
86.727 83.127 60.545
86.727 83.455 60.545
86.727 83.782 60.491
86.727 84.109 60.545
86.727 84.436 60.545
86.727 84.764 60.491
87.055 85.091 60.436
87.055 85.418 60.382
87.055 85.745 60.382
87.055 86.073 60.382
87.055 86.400 60.327
87.382 86.727 60.218
87.382 87.055 60.218
87.382 87.382 60.273
87.382 87.709 60.273
87.382 88.036 60.218
87.382 88.364 60.164
87.709 88.691 60.164
87.709 89.018 60.164
87.709 89.345 60.164
87.709 89.673 60.109
87.709 90.000 60.055
88.036 90.327 60.109
88.036 90.655 60.055
88.036 90.982 60.055
88.036 91.309 60.000
88.036 91.636 59.945
88.036 91.964 59.891
88.364 92.291 59.891
88.364 92.618 59.891
88.364 92.945 59.836
88.364 93.273 59.782
88.364 93.600 59.782
88.691 93.927 59.836
88.691 94.255 59.836
88.691 94.582 59.782
88.691 94.909 59.727
88.691 95.236 59.727
88.691 95.564 59.727
89.018 95.891 59.727
89.018 96.218 59.618
89.018 96.545 59.564
89.018 96.873 59.618
89.018 97.200 59.618
89.345 97.527 59.564
89.345 97.855 59.509
89.345 98.182 59.455
89.345 98.509 59.455
89.345 98.836 59.400
89.345 99.164 59.455
89.673 99.491 59.400
89.673 99.818 59.345
89.673 100.145 59.291
89.673 100.473 59.400
89.673 100.800 59.400
90.000 101.127 59.345
90.000 101.455 59.236
90.000 101.782 59.236
90.000 102.109 59.236
90.000 102.436 59.236
90.000 102.764 59.182
90.327 103.091 59.073
90.327 103.418 59.127
90.327 103.745 59.127
90.327 104.073 59.127
90.327 104.400 59.073
90.655 104.727 59.018
90.655 105.055 59.018
90.655 105.382 59.018
90.655 105.709 58.964
90.655 106.036 58.964
90.655 106.364 58.909
90.982 106.691 58.964
90.982 107.018 58.909
90.982 107.345 58.909
90.982 107.673 58.855
90.982 108.000 58.800
91.309 108.327 58.745
91.309 108.655 58.745
91.309 108.982 58.745
91.309 109.309 58.691
91.309 108.982 58.745
91.309 108.655 58.745
91.309 108.327 58.745
90.982 108.000 58.800
90.982 107.673 58.855
90.982 107.345 58.909
90.982 107.018 58.909
90.982 106.691 58.964
90.655 106.364 58.909
90.655 106.036 58.964
90.655 105.709 58.964
90.655 105.382 59.018
90.655 105.055 59.018
90.655 104.727 59.018
90.327 104.400 59.073
90.327 104.073 59.127
90.327 103.745 59.127
90.327 103.418 59.127
90.327 103.091 59.073
90.000 102.764 59.182
90.000 102.436 59.236
90.000 102.109 59.236
90.000 101.782 59.236
90.000 101.455 59.236
90.000 101.127 59.345
89.673 100.800 59.400
89.673 100.473 59.400
89.673 100.145 59.291
89.673 99.818 59.345
89.673 99.491 59.400
89.345 99.164 59.455
89.345 98.836 59.400
89.345 98.509 59.455
89.345 98.182 59.455
89.345 97.855 59.509
89.345 97.527 59.564
89.018 97.200 59.618
89.018 96.873 59.618
89.018 96.545 59.564
89.018 96.218 59.618
89.018 95.891 59.727
88.691 95.564 59.727
88.691 95.236 59.727
88.691 94.909 59.727
88.691 94.582 59.782
88.691 94.255 59.836
88.691 93.927 59.836
88.364 93.600 59.782
88.364 93.273 59.782
88.364 92.945 59.836
88.364 92.618 59.891
88.364 92.291 59.891
88.036 91.964 59.891
88.036 91.636 59.945
88.036 91.309 60.000
88.036 90.982 60.055
88.036 90.655 60.055
88.036 90.327 60.109
87.709 90.000 60.055
87.709 89.673 60.109
87.709 89.345 60.164
87.709 89.018 60.164
87.709 88.691 60.164
87.382 88.364 60.164
87.382 88.036 60.218
87.382 87.709 60.273
87.382 87.382 60.273
87.382 87.055 60.218
87.382 86.727 60.218
87.055 86.400 60.327
87.055 86.073 60.382
87.055 85.745 60.382
87.055 85.418 60.382
87.055 85.091 60.436
86.727 84.764 60.491
86.727 84.436 60.545
86.727 84.109 60.545
86.727 83.782 60.491
86.727 83.455 60.545
86.727 83.127 60.545
86.400 82.800 60.600
86.400 82.473 60.600
86.400 82.145 60.655
86.400 81.818 60.600
86.400 81.491 60.655
86.073 81.164 60.709
86.073 80.836 60.764
86.073 80.509 60.709
86.073 80.182 60.709
86.073 79.855 60.764
86.073 79.527 60.873
85.745 79.200 60.873
85.745 78.873 60.873
85.745 78.545 60.873
85.745 78.218 60.927
85.745 77.891 60.982
85.418 77.564 60.982
85.418 77.236 60.927
85.418 76.909 60.982
85.418 76.582 60.982
85.418 76.255 61.036
85.418 75.927 61.036
85.745 75.600 61.091
86.073 75.927 61.036
86.400 76.255 61.036
86.400 76.582 60.982
86.400 76.909 60.982
86.400 77.236 60.927
86.400 77.564 60.982
86.400 77.891 60.982
86.727 78.218 60.927
86.727 78.545 60.873
86.727 78.873 60.873
86.727 79.200 60.873
86.727 79.527 60.873
87.055 79.855 60.764
87.055 80.182 60.709
87.055 80.509 60.709
87.055 80.836 60.764
87.055 81.164 60.709
87.055 81.491 60.655
87.382 81.818 60.600
87.382 82.145 60.655
87.382 82.473 60.600
87.382 82.800 60.600
87.382 83.127 60.545
87.709 83.455 60.545
87.709 83.782 60.491
87.709 84.109 60.545
87.709 84.436 60.545
87.709 84.764 60.491
87.709 85.091 60.436
88.036 85.418 60.382
88.036 85.745 60.382
88.036 86.073 60.382
88.036 86.400 60.327
88.036 86.727 60.218
88.364 87.055 60.218
88.364 87.382 60.273
88.364 87.709 60.273
88.364 88.036 60.218
88.364 88.364 60.164
88.364 88.691 60.164
88.691 89.018 60.164
88.691 89.345 60.164
88.691 89.673 60.109
88.691 90.000 60.055
88.691 90.327 60.109
89.018 90.655 60.055
89.018 90.982 60.055
89.018 91.309 60.000
89.018 91.636 59.945
89.018 91.964 59.891
89.018 92.291 59.891
89.345 92.618 59.891
89.345 92.945 59.836
89.345 93.273 59.782
89.345 93.600 59.782
89.345 93.927 59.836
89.673 94.255 59.836
89.673 94.582 59.782
89.673 94.909 59.727
89.673 95.236 59.727
89.673 95.564 59.727
89.673 95.891 59.727
90.000 96.218 59.618
90.000 96.545 59.564
90.000 96.873 59.618
90.000 97.200 59.618
90.000 97.527 59.564
90.327 97.855 59.509
90.327 98.182 59.455
90.327 98.509 59.455
90.327 98.836 59.400
90.327 99.164 59.455
90.327 99.491 59.400
90.655 99.818 59.345
90.655 100.145 59.291
90.655 100.473 59.400
90.655 100.800 59.400
90.655 101.127 59.345
90.982 101.455 59.236
90.982 101.782 59.236
90.982 102.109 59.236
90.982 102.436 59.236
90.982 102.764 59.182
90.982 103.091 59.073
91.309 103.418 59.127
91.309 103.745 59.127
91.309 104.073 59.127
91.309 104.400 59.073
91.309 104.727 59.018
91.636 105.055 59.018
91.636 105.382 59.018
91.636 105.709 58.964
91.636 106.036 58.964
91.636 106.364 58.909
91.636 106.691 58.964
91.964 107.018 58.909
91.964 107.345 58.909
91.964 107.673 58.855
91.964 108.000 58.800
91.964 108.327 58.745
92.291 108.655 58.745
92.291 108.982 58.745
92.291 109.309 58.691
92.291 108.982 58.745
92.291 108.655 58.745
91.964 108.327 58.745
91.964 108.000 58.800
91.964 107.673 58.855
91.964 107.345 58.909
91.964 107.018 58.909
91.636 106.691 58.964
91.636 106.364 58.909
91.636 106.036 58.964
91.636 105.709 58.964
91.636 105.382 59.018
91.636 105.055 59.018
91.309 104.727 59.018
91.309 104.400 59.073
91.309 104.073 59.127
91.309 103.745 59.127
91.309 103.418 59.127
90.982 103.091 59.073
90.982 102.764 59.182
90.982 102.436 59.236
90.982 102.109 59.236
90.982 101.782 59.236
90.982 101.455 59.236
90.655 101.127 59.345
90.655 100.800 59.400
90.655 100.473 59.400
90.655 100.145 59.291
90.655 99.818 59.345
90.327 99.491 59.400
90.327 99.164 59.455
90.327 98.836 59.400
90.327 98.509 59.455
90.327 98.182 59.455
90.327 97.855 59.509
90.000 97.527 59.564
90.000 97.200 59.618
90.000 96.873 59.618
90.000 96.545 59.564
90.000 96.218 59.618
89.673 95.891 59.727
89.673 95.564 59.727
89.673 95.236 59.727
89.673 94.909 59.727
89.673 94.582 59.782
89.673 94.255 59.836
89.345 93.927 59.836
89.345 93.600 59.782
89.345 93.273 59.782
89.345 92.945 59.836
89.345 92.618 59.891
89.018 92.291 59.891
89.018 91.964 59.891
89.018 91.636 59.945
89.018 91.309 60.000
89.018 90.982 60.055
89.018 90.655 60.055
88.691 90.327 60.109
88.691 90.000 60.055
88.691 89.673 60.109
88.691 89.345 60.164
88.691 89.018 60.164
88.364 88.691 60.164
88.364 88.364 60.164
88.364 88.036 60.218
88.364 87.709 60.273
88.364 87.382 60.273
88.364 87.055 60.218
88.036 86.727 60.218
88.036 86.400 60.327
88.036 86.073 60.382
88.036 85.745 60.382
88.036 85.418 60.382
87.709 85.091 60.436
87.709 84.764 60.491
87.709 84.436 60.545
87.709 84.109 60.545
87.709 83.782 60.491
87.709 83.455 60.545
87.382 83.127 60.545
87.382 82.800 60.600
87.382 82.473 60.600
87.382 82.145 60.655
87.382 81.818 60.600
87.055 81.491 60.655
87.055 81.164 60.709
87.055 80.836 60.764
87.055 80.509 60.709
87.055 80.182 60.709
87.055 79.855 60.764
86.727 79.527 60.873
86.727 79.200 60.873
86.727 78.873 60.873
86.727 78.545 60.873
86.727 78.218 60.927
86.400 77.891 60.982
86.400 77.564 60.982
86.400 77.236 60.927
86.400 76.909 60.982
86.400 76.582 60.982
86.400 76.255 61.036
86.073 75.927 61.036
86.400 75.600 61.091
86.727 75.600 61.091
87.055 75.600 61.091
87.382 75.600 61.091
87.709 75.600 61.091
88.036 75.600 61.091
88.364 75.600 61.091
88.691 75.927 61.036
89.018 76.255 61.036
89.018 76.582 60.982
89.018 76.909 60.982
89.018 77.236 60.927
89.018 77.564 60.982
89.018 77.891 60.982
89.018 78.218 60.927
89.345 78.545 60.873
89.345 78.873 60.873
89.345 79.200 60.873
89.345 79.527 60.873
89.345 79.855 60.764
89.345 80.182 60.709
89.345 80.509 60.709
89.673 80.836 60.764
89.673 81.164 60.709
89.673 81.491 60.655
89.673 81.818 60.600
89.673 82.145 60.655
89.673 82.473 60.600
89.673 82.800 60.600
90.000 83.127 60.545
90.000 83.455 60.545
90.000 83.782 60.491
90.000 84.109 60.545
90.000 84.436 60.545
90.000 84.764 60.491
90.000 85.091 60.436
90.327 85.418 60.382
90.327 85.745 60.382
90.327 86.073 60.382
90.327 86.400 60.327
90.327 86.727 60.218
90.327 87.055 60.218
90.327 87.382 60.273
90.655 87.709 60.273
90.655 88.036 60.218
90.655 88.364 60.164
90.655 88.691 60.164
90.655 89.018 60.164
90.655 89.345 60.164
90.655 89.673 60.109
90.982 90.000 60.055
90.982 90.327 60.109
90.982 90.655 60.055
90.982 90.982 60.055
90.982 91.309 60.000
90.982 91.636 59.945
90.982 91.964 59.891
91.309 92.291 59.891
91.309 92.618 59.891
91.309 92.945 59.836
91.309 93.273 59.782
91.309 93.600 59.782
91.309 93.927 59.836
91.309 94.255 59.836
91.636 94.582 59.782
91.636 94.909 59.727
91.636 95.236 59.727
91.636 95.564 59.727
91.636 95.891 59.727
91.636 96.218 59.618
91.636 96.545 59.564
91.636 96.873 59.618
91.964 97.200 59.618
91.964 97.527 59.564
91.964 97.855 59.509
91.964 98.182 59.455
91.964 98.509 59.455
91.964 98.836 59.400
91.964 99.164 59.455
92.291 99.491 59.400
92.291 99.818 59.345
92.291 100.145 59.291
92.291 100.473 59.400
92.291 100.800 59.400
92.291 101.127 59.345
92.291 101.455 59.236
92.618 101.782 59.236
92.618 102.109 59.236
92.618 102.436 59.236
92.618 102.764 59.182
92.618 103.091 59.073
92.618 103.418 59.127
92.618 103.745 59.127
92.945 104.073 59.127
92.945 104.400 59.073
92.945 104.727 59.018
92.945 105.055 59.018
92.945 105.382 59.018
92.945 105.709 58.964
92.945 106.036 58.964
93.273 106.364 58.909
93.273 106.691 58.964
93.273 107.018 58.909
93.273 107.345 58.909
93.273 107.673 58.855
93.273 108.000 58.800
93.273 108.327 58.745
93.600 108.655 58.745
93.600 108.982 58.745
93.600 109.309 58.691
93.600 108.982 58.745
93.600 108.655 58.745
93.273 108.327 58.745
93.273 108.000 58.800
93.273 107.673 58.855
93.273 107.345 58.909
93.273 107.018 58.909
93.273 106.691 58.964
93.273 106.364 58.909
92.945 106.036 58.964
92.945 105.709 58.964
92.945 105.382 59.018
92.945 105.055 59.018
92.945 104.727 59.018
92.945 104.400 59.073
92.945 104.073 59.127
92.618 103.745 59.127
92.618 103.418 59.127
92.618 103.091 59.073
92.618 102.764 59.182
92.618 102.436 59.236
92.618 102.109 59.236
92.618 101.782 59.236
92.291 101.455 59.236
92.291 101.127 59.345
92.291 100.800 59.400
92.291 100.473 59.400
92.291 100.145 59.291
92.291 99.818 59.345
92.291 99.491 59.400
91.964 99.164 59.455
91.964 98.836 59.400
91.964 98.509 59.455
91.964 98.182 59.455
91.964 97.855 59.509
91.964 97.527 59.564
91.964 97.200 59.618
91.636 96.873 59.618
91.636 96.545 59.564
91.636 96.218 59.618
91.636 95.891 59.727
91.636 95.564 59.727
91.636 95.236 59.727
91.636 94.909 59.727
91.636 94.582 59.782
91.309 94.255 59.836
91.309 93.927 59.836
91.309 93.600 59.782
91.309 93.273 59.782
91.309 92.945 59.836
91.309 92.618 59.891
91.309 92.291 59.891
90.982 91.964 59.891
90.982 91.636 59.945
90.982 91.309 60.000
90.982 90.982 60.055
90.982 90.655 60.055
90.982 90.327 60.109
90.982 90.000 60.055
90.655 89.673 60.109
90.655 89.345 60.164
90.655 89.018 60.164
90.655 88.691 60.164
90.655 88.364 60.164
90.655 88.036 60.218
90.655 87.709 60.273
90.327 87.382 60.273
90.327 87.055 60.218
90.327 86.727 60.218
90.327 86.400 60.327
90.327 86.073 60.382
90.327 85.745 60.382
90.327 85.418 60.382
90.000 85.091 60.436
90.000 84.764 60.491
90.000 84.436 60.545
90.000 84.109 60.545
90.000 83.782 60.491
90.000 83.455 60.545
90.000 83.127 60.545
89.673 82.800 60.600
89.673 82.473 60.600
89.673 82.145 60.655
89.673 81.818 60.600
89.673 81.491 60.655
89.673 81.164 60.709
89.673 80.836 60.764
89.345 80.509 60.709
89.345 80.182 60.709
89.345 79.855 60.764
89.345 79.527 60.873
89.345 79.200 60.873
89.345 78.873 60.873
89.345 78.545 60.873
89.018 78.218 60.927
89.018 77.891 60.982
89.018 77.564 60.982
89.018 77.236 60.927
89.018 76.909 60.982
89.018 76.582 60.982
89.018 76.255 61.036
89.018 75.927 61.036
89.345 75.600 61.091
89.673 75.927 61.036
89.673 76.255 61.036
89.673 76.582 60.982
90.000 76.909 60.982
90.000 77.236 60.927
90.000 77.564 60.982
90.000 77.891 60.982
90.000 78.218 60.927
90.000 78.545 60.873
90.000 78.873 60.873
90.327 79.200 60.873
90.327 79.527 60.873
90.327 79.855 60.764
90.327 80.182 60.709
90.327 80.509 60.709
90.327 80.836 60.764
90.327 81.164 60.709
90.655 81.491 60.655
90.655 81.818 60.600
90.655 82.145 60.655
90.655 82.473 60.600
90.655 82.800 60.600
90.655 83.127 60.545
90.655 83.455 60.545
90.982 83.782 60.491
90.982 84.109 60.545
90.982 84.436 60.545
90.982 84.764 60.491
90.982 85.091 60.436
90.982 85.418 60.382
90.982 85.745 60.382
91.309 86.073 60.382
91.309 86.400 60.327
91.309 86.727 60.218
91.309 87.055 60.218
91.309 87.382 60.273
91.309 87.709 60.273
91.309 88.036 60.218
91.636 88.364 60.164
91.636 88.691 60.164
91.636 89.018 60.164
91.636 89.345 60.164
91.636 89.673 60.109
91.636 90.000 60.055
91.636 90.327 60.109
91.964 90.655 60.055
91.964 90.982 60.055
91.964 91.309 60.000
91.964 91.636 59.945
91.964 91.964 59.891
91.964 92.291 59.891
91.964 92.618 59.891
92.291 92.945 59.836
92.291 93.273 59.782
92.291 93.600 59.782
92.291 93.927 59.836
92.291 94.255 59.836
92.291 94.582 59.782
92.291 94.909 59.727
92.618 95.236 59.727
92.618 95.564 59.727
92.618 95.891 59.727
92.618 96.218 59.618
92.618 96.545 59.564
92.618 96.873 59.618
92.618 97.200 59.618
92.945 97.527 59.564
92.945 97.855 59.509
92.945 98.182 59.455
92.945 98.509 59.455
92.945 98.836 59.400
92.945 99.164 59.455
92.945 99.491 59.400
93.273 99.818 59.345
93.273 100.145 59.291
93.273 100.473 59.400
93.273 100.800 59.400
93.273 101.127 59.345
93.273 101.455 59.236
93.273 101.782 59.236
93.600 102.109 59.236
93.600 102.436 59.236
93.600 102.764 59.182
93.600 103.091 59.073
93.600 103.418 59.127
93.600 103.745 59.127
93.600 104.073 59.127
93.927 104.400 59.073
93.927 104.727 59.018
93.927 105.055 59.018
93.927 105.382 59.018
93.927 105.709 58.964
93.927 106.036 58.964
93.927 106.364 58.909
93.927 106.691 58.964
94.255 107.018 58.909
94.255 107.345 58.909
94.255 107.673 58.855
94.255 108.000 58.800
94.255 108.327 58.745
94.255 108.655 58.745
94.582 108.982 58.745
94.582 109.309 58.691
94.582 108.982 58.745
94.255 108.655 58.745
94.255 108.327 58.745
94.255 108.000 58.800
94.255 107.673 58.855
94.255 107.345 58.909
94.255 107.018 58.909
93.927 106.691 58.964
93.927 106.364 58.909
93.927 106.036 58.964
93.927 105.709 58.964
93.927 105.382 59.018
93.927 105.055 59.018
93.927 104.727 59.018
93.927 104.400 59.073
93.600 104.073 59.127
93.600 103.745 59.127
93.600 103.418 59.127
93.600 103.091 59.073
93.600 102.764 59.182
93.600 102.436 59.236
93.600 102.109 59.236
93.273 101.782 59.236
93.273 101.455 59.236
93.273 101.127 59.345
93.273 100.800 59.400
93.273 100.473 59.400
93.273 100.145 59.291
93.273 99.818 59.345
92.945 99.491 59.400
92.945 99.164 59.455
92.945 98.836 59.400
92.945 98.509 59.455
92.945 98.182 59.455
92.945 97.855 59.509
92.945 97.527 59.564
92.618 97.200 59.618
92.618 96.873 59.618
92.618 96.545 59.564
92.618 96.218 59.618
92.618 95.891 59.727
92.618 95.564 59.727
92.618 95.236 59.727
92.291 94.909 59.727
92.291 94.582 59.782
92.291 94.255 59.836
92.291 93.927 59.836
92.291 93.600 59.782
92.291 93.273 59.782
92.291 92.945 59.836
91.964 92.618 59.891
91.964 92.291 59.891
91.964 91.964 59.891
91.964 91.636 59.945
91.964 91.309 60.000
91.964 90.982 60.055
91.964 90.655 60.055
91.636 90.327 60.109
91.636 90.000 60.055
91.636 89.673 60.109
91.636 89.345 60.164
91.636 89.018 60.164
91.636 88.691 60.164
91.636 88.364 60.164
91.309 88.036 60.218
91.309 87.709 60.273
91.309 87.382 60.273
91.309 87.055 60.218
91.309 86.727 60.218
91.309 86.400 60.327
91.309 86.073 60.382
90.982 85.745 60.382
90.982 85.418 60.382
90.982 85.091 60.436
90.982 84.764 60.491
90.982 84.436 60.545
90.982 84.109 60.545
90.982 83.782 60.491
90.655 83.455 60.545
90.655 83.127 60.545
90.655 82.800 60.600
90.655 82.473 60.600
90.655 82.145 60.655
90.655 81.818 60.600
90.655 81.491 60.655
90.327 81.164 60.709
90.327 80.836 60.764
90.327 80.509 60.709
90.327 80.182 60.709
90.327 79.855 60.764
90.327 79.527 60.873
90.327 79.200 60.873
90.000 78.873 60.873
90.000 78.545 60.873
90.000 78.218 60.927
90.000 77.891 60.982
90.000 77.564 60.982
90.000 77.236 60.927
90.000 76.909 60.982
89.673 76.582 60.982
89.673 76.255 61.036
89.673 75.927 61.036
90.000 75.600 61.091
90.327 75.600 61.091
90.655 75.600 61.091
90.982 75.600 61.091
91.309 75.600 61.091
91.636 75.600 61.091
91.964 75.927 61.036
91.964 76.255 61.036
92.291 76.582 60.982
92.291 76.909 60.982
92.291 77.236 60.927
92.291 77.564 60.982
92.291 77.891 60.982
92.291 78.218 60.927
92.291 78.545 60.873
92.291 78.873 60.873
92.618 79.200 60.873
92.618 79.527 60.873
92.618 79.855 60.764
92.618 80.182 60.709
92.618 80.509 60.709
92.618 80.836 60.764
92.618 81.164 60.709
92.618 81.491 60.655
92.945 81.818 60.600
92.945 82.145 60.655
92.945 82.473 60.600
92.945 82.800 60.600
92.945 83.127 60.545
92.945 83.455 60.545
92.945 83.782 60.491
92.945 84.109 60.545
92.945 84.436 60.545
93.273 84.764 60.491
93.273 85.091 60.436
93.273 85.418 60.382
93.273 85.745 60.382
93.273 86.073 60.382
93.273 86.400 60.327
93.273 86.727 60.218
93.273 87.055 60.218
93.600 87.382 60.273
93.600 87.709 60.273
93.600 88.036 60.218
93.600 88.364 60.164
93.600 88.691 60.164
93.600 89.018 60.164
93.600 89.345 60.164
93.600 89.673 60.109
93.927 90.000 60.055
93.927 90.327 60.109
93.927 90.655 60.055
93.927 90.982 60.055
93.927 91.309 60.000
93.927 91.636 59.945
93.927 91.964 59.891
93.927 92.291 59.891
94.255 92.618 59.891
94.255 92.945 59.836
94.255 93.273 59.782
94.255 93.600 59.782
94.255 93.927 59.836
94.255 94.255 59.836
94.255 94.582 59.782
94.255 94.909 59.727
94.255 95.236 59.727
94.582 95.564 59.727
94.582 95.891 59.727
94.582 96.218 59.618
94.582 96.545 59.564
94.582 96.873 59.618
94.582 97.200 59.618
94.582 97.527 59.564
94.909 97.855 59.509
94.909 98.182 59.455
94.909 98.509 59.455
94.909 98.836 59.400
94.909 99.164 59.455
94.909 99.491 59.400
94.909 99.818 59.345
94.909 100.145 59.291
94.909 100.473 59.400
95.236 100.800 59.400
95.236 101.127 59.345
95.236 101.455 59.236
95.236 101.782 59.236
95.236 102.109 59.236
95.236 102.436 59.236
95.236 102.764 59.182
95.236 103.091 59.073
95.564 103.418 59.127
95.564 103.745 59.127
95.564 104.073 59.127
95.564 104.400 59.073
95.564 104.727 59.018
95.564 105.055 59.018
95.564 105.382 59.018
95.564 105.709 58.964
95.891 106.036 58.964
95.891 106.364 58.909
95.891 106.691 58.964
95.891 107.018 58.909
95.891 107.345 58.909
95.891 107.673 58.855
95.891 108.000 58.800
95.891 108.327 58.745
96.218 108.655 58.745
96.218 108.982 58.745
96.218 109.309 58.691
96.218 108.982 58.745
96.218 108.655 58.745
95.891 108.327 58.745
95.891 108.000 58.800
95.891 107.673 58.855
95.891 107.345 58.909
95.891 107.018 58.909
95.891 106.691 58.964
95.891 106.364 58.909
95.891 106.036 58.964
95.564 105.709 58.964
95.564 105.382 59.018
95.564 105.055 59.018
95.564 104.727 59.018
95.564 104.400 59.073
95.564 104.073 59.127
95.564 103.745 59.127
95.564 103.418 59.127
95.236 103.091 59.073
95.236 102.764 59.182
95.236 102.436 59.236
95.236 102.109 59.236
95.236 101.782 59.236
95.236 101.455 59.236
95.236 101.127 59.345
95.236 100.800 59.400
94.909 100.473 59.400
94.909 100.145 59.291
94.909 99.818 59.345
94.909 99.491 59.400
94.909 99.164 59.455
94.909 98.836 59.400
94.909 98.509 59.455
94.909 98.182 59.455
94.909 97.855 59.509
94.582 97.527 59.564
94.582 97.200 59.618
94.582 96.873 59.618
94.582 96.545 59.564
94.582 96.218 59.618
94.582 95.891 59.727
94.582 95.564 59.727
94.255 95.236 59.727
94.255 94.909 59.727
94.255 94.582 59.782
94.255 94.255 59.836
94.255 93.927 59.836
94.255 93.600 59.782
94.255 93.273 59.782
94.255 92.945 59.836
94.255 92.618 59.891
93.927 92.291 59.891
93.927 91.964 59.891
93.927 91.636 59.945
93.927 91.309 60.000
93.927 90.982 60.055
93.927 90.655 60.055
93.927 90.327 60.109
93.927 90.000 60.055
93.600 89.673 60.109
93.600 89.345 60.164
93.600 89.018 60.164
93.600 88.691 60.164
93.600 88.364 60.164
93.600 88.036 60.218
93.600 87.709 60.273
93.600 87.382 60.273
93.273 87.055 60.218
93.273 86.727 60.218
93.273 86.400 60.327
93.273 86.073 60.382
93.273 85.745 60.382
93.273 85.418 60.382
93.273 85.091 60.436
93.273 84.764 60.491
92.945 84.436 60.545
92.945 84.109 60.545
92.945 83.782 60.491
92.945 83.455 60.545
92.945 83.127 60.545
92.945 82.800 60.600
92.945 82.473 60.600
92.945 82.145 60.655
92.945 81.818 60.600
92.618 81.491 60.655
92.618 81.164 60.709
92.618 80.836 60.764
92.618 80.509 60.709
92.618 80.182 60.709
92.618 79.855 60.764
92.618 79.527 60.873
92.618 79.200 60.873
92.291 78.873 60.873
92.291 78.545 60.873
92.291 78.218 60.927
92.291 77.891 60.982
92.291 77.564 60.982
92.291 77.236 60.927
92.291 76.909 60.982
92.291 76.582 60.982
91.964 76.255 61.036
91.964 75.927 61.036
91.964 75.600 61.091
91.636 75.600 61.091
91.309 75.600 61.091
90.982 75.600 61.091
90.655 75.600 61.091
90.327 75.600 61.091
90.000 75.600 61.091
89.673 75.273 61.091
89.673 74.945 62.333
90.000 74.618 60.761
90.327 74.618 60.761
90.655 74.618 60.761
90.982 74.618 60.761
91.309 74.618 60.761
91.636 74.945 62.333
91.964 74.618 60.761
92.291 74.618 60.761
92.618 74.945 62.333
92.945 75.273 61.091
92.945 75.600 61.091
92.945 75.927 61.036
92.945 76.255 61.036
92.945 76.582 60.982
92.945 76.909 60.982
93.273 77.236 60.927
93.273 77.564 60.982
93.273 77.891 60.982
93.273 78.218 60.927
93.273 78.545 60.873
93.273 78.873 60.873
93.273 79.200 60.873
93.273 79.527 60.873
93.600 79.855 60.764
93.600 80.182 60.709
93.600 80.509 60.709
93.600 80.836 60.764
93.600 81.164 60.709
93.600 81.491 60.655
93.600 81.818 60.600
93.600 82.145 60.655
93.927 82.473 60.600
93.927 82.800 60.600
93.927 83.127 60.545
93.927 83.455 60.545
93.927 83.782 60.491
93.927 84.109 60.545
93.927 84.436 60.545
93.927 84.764 60.491
93.927 85.091 60.436
93.927 85.418 60.382
94.255 85.745 60.382
94.255 86.073 60.382
94.255 86.400 60.327
94.255 86.727 60.218
94.255 87.055 60.218
94.255 87.382 60.273
94.255 87.709 60.273
94.582 88.036 60.218
94.582 88.364 60.164
94.582 88.691 60.164
94.582 89.018 60.164
94.582 89.345 60.164
94.582 89.673 60.109
94.582 90.000 60.055
94.582 90.327 60.109
94.909 90.655 60.055
94.909 90.982 60.055
94.909 91.309 60.000
94.909 91.636 59.945
94.909 91.964 59.891
94.909 92.291 59.891
94.909 92.618 59.891
94.909 92.945 59.836
95.236 93.273 59.782
95.236 93.600 59.782
95.236 93.927 59.836
95.236 94.255 59.836
95.236 94.582 59.782
95.236 94.909 59.727
95.236 95.236 59.727
95.236 95.564 59.727
95.564 95.891 59.727
95.564 96.218 59.618
95.564 96.545 59.564
95.564 96.873 59.618
95.564 97.200 59.618
95.564 97.527 59.564
95.564 97.855 59.509
95.564 98.182 59.455
95.891 98.509 59.455
95.891 98.836 59.400
95.891 99.164 59.455
95.891 99.491 59.400
95.891 99.818 59.345
95.891 100.145 59.291
95.891 100.473 59.400
95.891 100.800 59.400
95.891 101.127 59.345
96.218 101.455 59.236
96.218 101.782 59.236
96.218 102.109 59.236
96.218 102.436 59.236
96.218 102.764 59.182
96.218 103.091 59.073
96.218 103.418 59.127
96.218 103.745 59.127
96.545 104.073 59.127
96.545 104.400 59.073
96.545 104.727 59.018
96.545 105.055 59.018
96.545 105.382 59.018
96.545 105.709 58.964
96.545 106.036 58.964
96.545 106.364 58.909
96.873 106.691 58.964
96.873 107.018 58.909
96.873 107.345 58.909
96.873 107.673 58.855
96.873 108.000 58.800
96.873 108.327 58.745
96.873 108.655 58.745
96.873 108.982 58.745
97.200 109.309 58.691
96.873 108.982 58.745
96.873 108.655 58.745
96.873 108.327 58.745
96.873 108.000 58.800
96.873 107.673 58.855
96.873 107.345 58.909
96.873 107.018 58.909
96.873 106.691 58.964
96.545 106.364 58.909
96.545 106.036 58.964
96.545 105.709 58.964
96.545 105.382 59.018
96.545 105.055 59.018
96.545 104.727 59.018
96.545 104.400 59.073
96.545 104.073 59.127
96.218 103.745 59.127
96.218 103.418 59.127
96.218 103.091 59.073
96.218 102.764 59.182
96.218 102.436 59.236
96.218 102.109 59.236
96.218 101.782 59.236
96.218 101.455 59.236
95.891 101.127 59.345
95.891 100.800 59.400
95.891 100.473 59.400
95.891 100.145 59.291
95.891 99.818 59.345
95.891 99.491 59.400
95.891 99.164 59.455
95.891 98.836 59.400
95.891 98.509 59.455
95.564 98.182 59.455
95.564 97.855 59.509
95.564 97.527 59.564
95.564 97.200 59.618
95.564 96.873 59.618
95.564 96.545 59.564
95.564 96.218 59.618
95.564 95.891 59.727
95.236 95.564 59.727
95.236 95.236 59.727
95.236 94.909 59.727
95.236 94.582 59.782
95.236 94.255 59.836
95.236 93.927 59.836
95.236 93.600 59.782
95.236 93.273 59.782
94.909 92.945 59.836
94.909 92.618 59.891
94.909 92.291 59.891
94.909 91.964 59.891
94.909 91.636 59.945
94.909 91.309 60.000
94.909 90.982 60.055
94.909 90.655 60.055
94.582 90.327 60.109
94.582 90.000 60.055
94.582 89.673 60.109
94.582 89.345 60.164
94.582 89.018 60.164
94.582 88.691 60.164
94.582 88.364 60.164
94.582 88.036 60.218
94.255 87.709 60.273
94.255 87.382 60.273
94.255 87.055 60.218
94.255 86.727 60.218
94.255 86.400 60.327
94.255 86.073 60.382
94.255 85.745 60.382
93.927 85.418 60.382
93.927 85.091 60.436
93.927 84.764 60.491
93.927 84.436 60.545
93.927 84.109 60.545
93.927 83.782 60.491
93.927 83.455 60.545
93.927 83.127 60.545
93.927 82.800 60.600
93.927 82.473 60.600
93.600 82.145 60.655
93.600 81.818 60.600
93.600 81.491 60.655
93.600 81.164 60.709
93.600 80.836 60.764
93.600 80.509 60.709
93.600 80.182 60.709
93.600 79.855 60.764
93.273 79.527 60.873
93.273 79.200 60.873
93.273 78.873 60.873
93.273 78.545 60.873
93.273 78.218 60.927
93.273 77.891 60.982
93.273 77.564 60.982
93.273 77.236 60.927
92.945 76.909 60.982
92.945 76.582 60.982
92.945 76.255 61.036
92.945 75.927 61.036
92.945 75.600 61.091
92.945 75.273 61.091
92.618 74.945 62.333
92.618 74.618 60.761
92.618 74.291 58.418
92.618 73.964 58.445
92.945 73.636 57.225
93.273 73.636 57.225
93.600 73.636 57.225
93.927 73.636 57.225
94.255 73.636 57.225
94.582 73.636 57.225
94.909 73.636 57.225
95.236 73.636 57.225
95.564 73.636 57.225
95.891 73.636 57.225
96.218 73.964 58.445
95.891 74.291 58.418
96.218 74.618 60.761
96.218 74.945 62.333
96.218 75.273 61.091
96.218 75.600 61.091
96.218 75.927 61.036
96.218 76.255 61.036
96.218 76.582 60.982
96.218 76.909 60.982
96.218 77.236 60.927
96.218 77.564 60.982
96.218 77.891 60.982
96.218 78.218 60.927
96.218 78.545 60.873
96.218 78.873 60.873
96.218 79.200 60.873
96.545 79.527 60.873
96.545 79.855 60.764
96.545 80.182 60.709
96.545 80.509 60.709
96.545 80.836 60.764
96.545 81.164 60.709
96.545 81.491 60.655
96.545 81.818 60.600
96.545 82.145 60.655
96.545 82.473 60.600
96.545 82.800 60.600
96.545 83.127 60.545
96.545 83.455 60.545
96.545 83.782 60.491
96.545 83.455 60.545
96.545 83.127 60.545
96.545 82.800 60.600
96.545 82.473 60.600
96.545 82.145 60.655
96.545 81.818 60.600
96.545 81.491 60.655
96.545 81.164 60.709
96.545 80.836 60.764
96.545 80.509 60.709
96.545 80.182 60.709
96.545 79.855 60.764
96.545 79.527 60.873
96.218 79.200 60.873
96.218 78.873 60.873
96.218 78.545 60.873
96.218 78.218 60.927
96.218 77.891 60.982
96.218 77.564 60.982
96.218 77.236 60.927
96.218 76.909 60.982
96.218 76.582 60.982
96.218 76.255 61.036
96.218 75.927 61.036
96.218 75.600 61.091
96.218 75.273 61.091
96.218 74.945 62.333
96.218 74.618 60.761
95.891 74.291 58.418
96.218 73.964 58.445
96.545 73.636 57.225
96.873 73.964 58.445
96.873 74.291 58.418
96.873 74.618 60.761
96.873 74.945 62.333
96.873 75.273 61.091
97.200 75.600 61.091
97.200 75.927 61.036
97.200 76.255 61.036
97.200 76.582 60.982
97.200 76.909 60.982
97.200 77.236 60.927
97.200 77.564 60.982
97.200 77.891 60.982
97.200 78.218 60.927
97.200 78.545 60.873
97.200 78.873 60.873
97.200 79.200 60.873
97.200 79.527 60.873
97.200 79.855 60.764
97.200 80.182 60.709
97.200 80.509 60.709
97.527 80.836 60.764
97.527 81.164 60.709
97.527 81.491 60.655
97.527 81.818 60.600
97.527 82.145 60.655
97.527 82.473 60.600
97.527 82.800 60.600
97.527 83.127 60.545
97.527 83.455 60.545
97.527 83.782 60.491
97.527 83.455 60.545
97.527 83.127 60.545
97.527 82.800 60.600
97.527 82.473 60.600
97.527 82.145 60.655
97.527 81.818 60.600
97.527 81.491 60.655
97.527 81.164 60.709
97.527 80.836 60.764
97.200 80.509 60.709
97.200 80.182 60.709
97.200 79.855 60.764
97.200 79.527 60.873
97.200 79.200 60.873
97.200 78.873 60.873
97.200 78.545 60.873
97.200 78.218 60.927
97.200 77.891 60.982
97.200 77.564 60.982
97.200 77.236 60.927
97.200 76.909 60.982
97.200 76.582 60.982
97.200 76.255 61.036
97.200 75.927 61.036
97.200 75.600 61.091
96.873 75.273 61.091
96.873 74.945 62.333
96.873 74.618 60.761
96.873 74.291 58.418
96.873 73.964 58.445
97.200 73.636 57.225
97.527 73.636 57.225
97.855 73.636 57.225
98.182 73.309 59.073
98.509 73.309 59.073
98.836 73.309 59.073
99.164 72.982 59.073
99.491 72.655 59.075
99.491 72.327 59.182
99.491 72.000 59.073
99.491 71.673 55.730
99.491 71.345 59.079
99.164 71.018 51.109
99.164 70.691 59.143
99.164 70.364 56.465
99.491 70.036 51.734
99.491 69.709 53.382
99.491 69.382 56.373
99.491 69.055 56.414
99.491 68.727 56.536
99.491 68.400 56.536
99.491 68.073 56.495
99.491 67.745 56.414
99.491 67.418 56.414
99.491 67.091 59.600
99.491 66.764 52.457
99.491 66.436 47.018
99.164 66.109 46.909
99.164 65.782 46.964
98.836 65.455 46.964
98.509 65.455 46.964
98.182 65.455 46.964
97.855 65.127 46.964
97.527 65.127 46.964
97.200 65.127 46.964
96.873 64.800 52.130
96.873 64.473 51.849
97.200 64.145 70.320
97.200 63.818 43.200
97.200 63.491 43.255
97.200 63.164 43.200
97.200 62.836 43.255
97.527 62.509 43.200
97.527 62.182 43.309
97.527 61.855 43.309
97.527 61.527 43.309
97.527 61.200 43.255
97.855 60.873 46.099
97.855 60.545 48.191
97.855 60.218 48.191
97.855 59.891 48.232
98.182 59.564 48.232
98.182 59.236 49.782
98.182 58.909 48.273
98.182 58.582 43.527
98.509 58.255 43.636
98.509 57.927 43.691
98.509 57.600 42.171
98.509 57.273 47.034
98.836 56.945 49.418
98.836 56.618 46.745
98.836 56.291 49.377
98.836 55.964 49.336
98.836 55.636 49.418
99.164 55.309 49.500
99.164 54.982 49.582
99.164 54.655 49.541
99.491 54.327 49.582
99.818 54.327 49.582
100.145 54.327 49.582
100.473 54.327 49.582
100.800 54.327 49.582
101.127 54.327 49.582
101.455 54.327 49.582
101.782 54.327 49.582
102.109 54.327 49.582
102.436 54.327 49.582
102.764 54.327 49.582
103.091 54.327 49.582
103.418 54.327 49.582
103.745 54.327 49.582
104.073 54.327 49.582
104.400 54.327 49.582
104.727 54.327 49.582
105.055 54.327 49.582
105.382 54.327 49.582
105.709 54.327 49.582
106.036 54.327 49.582
106.364 54.327 49.582
106.691 54.327 49.582
107.018 54.327 49.582
107.345 54.327 49.582
107.673 54.327 49.582
108.000 54.327 49.582
108.327 54.327 49.582
108.655 54.327 49.582
108.982 54.327 49.582
109.309 54.327 49.582
109.636 54.327 49.582
109.964 54.327 49.582
110.291 54.327 49.582
110.618 54.327 49.582
110.945 54.327 49.582
110.618 54.327 49.582
110.291 54.327 49.582
109.964 54.327 49.582
109.636 54.327 49.582
109.309 54.327 49.582
108.982 54.327 49.582
108.655 54.327 49.582
108.327 54.327 49.582
108.000 54.327 49.582
107.673 54.327 49.582
107.345 54.327 49.582
107.018 54.327 49.582
106.691 54.327 49.582
106.364 54.327 49.582
106.036 54.327 49.582
105.709 54.327 49.582
105.382 54.327 49.582
105.055 54.327 49.582
104.727 54.327 49.582
104.400 54.327 49.582
104.073 54.327 49.582
103.745 54.327 49.582
103.418 54.327 49.582
103.091 54.327 49.582
102.764 54.327 49.582
102.436 54.327 49.582
102.109 54.327 49.582
101.782 54.327 49.582
101.455 54.327 49.582
101.127 54.327 49.582
100.800 54.327 49.582
100.473 54.327 49.582
100.145 54.327 49.582
99.818 54.327 49.582
99.491 54.327 49.582
99.164 54.000 49.582
99.491 53.673 49.582
99.491 53.345 49.664
99.491 53.018 49.664
99.491 52.691 49.582
99.491 52.364 46.342
99.491 52.036 45.193
99.491 51.709 45.074
99.491 51.382 43.099
99.491 51.055 45.045
99.491 50.727 49.418
99.491 50.400 49.418
99.491 50.073 49.418
99.491 49.745 49.336
99.491 49.418 49.173
99.491 49.091 49.091
99.491 48.764 49.091
99.491 48.436 48.927
99.491 48.109 48.805
99.491 47.782 48.641
99.164 47.455 48.518
99.164 47.127 48.395
99.164 46.800 48.273
99.164 46.473 48.109
99.164 46.145 47.905
98.836 45.818 49.491
98.836 45.491 47.495
98.836 45.164 47.373
98.509 44.836 52.745
98.509 44.509 51.084
98.509 44.182 54.367
98.182 43.855 54.761
97.855 43.527 47.782
97.527 43.200 53.483
97.200 42.873 49.647
96.873 42.545 42.973
96.545 42.218 41.945
96.218 41.891 40.549
95.891 41.564 40.222
95.564 41.236 38.045
95.236 40.909 37.800
94.909 40.582 37.636
94.582 40.255 37.473
94.255 39.927 37.309
93.927 39.600 37.105
93.600 39.273 36.900
93.273 38.945 36.777
93.273 38.618 36.695
92.945 38.291 36.573
92.945 37.964 36.368
92.945 37.636 36.205
92.618 37.309 36.123
92.618 36.982 36.041
92.618 36.655 35.918
92.291 36.327 35.836
92.291 36.000 35.673
92.291 35.673 35.509
91.964 35.345 35.427
91.964 35.018 35.305
91.964 34.691 35.223
91.636 34.364 35.018
91.636 34.036 34.855
91.636 33.709 34.773
91.309 33.382 34.650
91.309 33.055 34.568
90.982 32.727 34.364
90.982 32.400 34.159
90.982 32.073 34.077
90.655 31.745 33.955
90.655 31.418 33.832
90.655 31.091 33.750
90.327 30.764 33.174
90.327 30.436 33.341
90.327 30.109 31.894
90.000 29.782 33.014
90.000 29.455 32.891
89.673 29.127 32.605
89.673 28.800 32.523
89.673 28.473 32.359
89.345 28.145 33.709
89.345 27.818 32.327
89.345 27.491 32.036
89.018 27.164 31.623
89.018 26.836 31.541
89.018 26.509 31.418
88.691 26.182 31.173
88.691 25.855 31.773
88.364 25.527 31.846
88.036 25.200 31.418
88.036 24.873 30.960
87.709 24.545 30.314
87.382 24.218 30.400
87.382 23.891 29.782
87.055 23.564 30.142
86.727 23.236 29.636
86.400 22.909 30.109
86.073 22.582 28.945
85.745 22.582 28.945
85.418 22.255 29.160
85.091 21.927 28.919
84.764 21.927 28.919
84.436 21.600 28.268
84.109 21.273 27.900
83.782 21.273 27.900
83.455 20.945 27.464
83.127 20.945 27.464
82.800 20.945 27.464
82.473 20.618 25.756
82.145 20.618 25.756
81.818 20.618 25.756
81.491 20.291 27.418
81.164 20.291 27.418
80.836 20.291 27.418
80.509 20.291 27.418
80.182 20.291 27.418
79.855 20.291 27.418
79.527 20.291 27.418
79.200 20.291 27.418
78.873 19.964 26.345
78.545 19.964 26.345
78.218 19.964 26.345
77.891 19.964 26.345
77.564 19.964 26.345
77.236 19.964 26.345
76.909 19.964 26.345
76.582 19.964 26.345
76.255 19.964 26.345
75.927 19.964 26.345
75.600 19.964 26.345
75.273 19.964 26.345
74.945 19.636 26.345
74.618 19.636 26.345
74.291 19.636 26.345
73.964 19.636 26.345
73.636 19.636 26.345
73.309 19.636 26.345
72.982 19.636 26.345
72.655 19.636 26.345
72.327 19.636 26.345
72.000 19.636 26.345
71.673 19.636 26.345
71.345 19.636 26.345
71.018 19.636 26.345
70.691 19.636 26.345
70.364 19.636 26.345
